{
 "cells": [
  {
   "cell_type": "markdown",
   "metadata": {},
   "source": [
    "# Imports"
   ]
  },
  {
   "cell_type": "markdown",
   "metadata": {},
   "source": [
    "Need to have jate.py in your folder"
   ]
  },
  {
   "cell_type": "code",
   "execution_count": 47,
   "metadata": {
    "ExecuteTime": {
     "end_time": "2019-02-14T08:49:38.986666Z",
     "start_time": "2019-02-14T08:49:38.928584Z"
    }
   },
   "outputs": [],
   "source": [
    "%run jate.py #will import everything"
   ]
  },
  {
   "cell_type": "markdown",
   "metadata": {},
   "source": [
    "# Next chapter"
   ]
  },
  {
   "cell_type": "markdown",
   "metadata": {},
   "source": [
    "## memory clear (uses regex, so be careful)"
   ]
  },
  {
   "cell_type": "code",
   "execution_count": 49,
   "metadata": {
    "ExecuteTime": {
     "end_time": "2019-02-14T08:49:39.350424Z",
     "start_time": "2019-02-14T08:49:39.348135Z"
    }
   },
   "outputs": [],
   "source": [
    "%reset_selective -f var1, var2  # replace var1, var2 with your defined ones"
   ]
  },
  {
   "cell_type": "markdown",
   "metadata": {},
   "source": [
    "## Building parts"
   ]
  },
  {
   "cell_type": "markdown",
   "metadata": {},
   "source": [
    "### Building the things to be calculated only once"
   ]
  },
  {
   "cell_type": "code",
   "execution_count": 51,
   "metadata": {
    "ExecuteTime": {
     "end_time": "2019-02-14T08:49:39.870548Z",
     "start_time": "2019-02-14T08:49:39.865079Z"
    },
    "code_folding": []
   },
   "outputs": [],
   "source": [
    "def maker(omega_1, H_0, H_1, T_s, Lin, d=2, gamma=0.1):\n",
    "    r\"\"\"maker\n",
    "    Makes all the things that remain constant throught the program, but are \n",
    "    repeatedly used.\n",
    "    \n",
    "\n",
    "    Parameters\n",
    "    ----------\n",
    "    omega_1 : float\n",
    "              frequency corresponding to half of the difference between \n",
    "              energy levels of the qubit\n",
    "              \n",
    "    H_0     : Qobj\n",
    "              Bare Hamiltonian \n",
    "              \n",
    "    H_1     : Qobj\n",
    "              Interaction Hamiltonian \n",
    "              \n",
    "    T_s     : Qobj\n",
    "              Unitary to be implemented in the Hilbert space\n",
    "    \n",
    "    Lin     : Qobj\n",
    "              Linbladian operators\n",
    "\n",
    "    d       : int\n",
    "              Dimension of the matrix. Defaults to 2\n",
    "    \n",
    "    gamma   : float\n",
    "              Damping constantof the Linbladian\n",
    "\n",
    "    \n",
    "    Returns\n",
    "    -------\n",
    "    \n",
    "    ih0     : Qobj\n",
    "              $I\\otimes H_{0}$\n",
    "              \n",
    "    ih1     : Qobj\n",
    "              $I\\otimes H_{1}$\n",
    "\n",
    "    h0ci    : Qobj\n",
    "              $H_{0}^{*}\\otimes I $\n",
    "\n",
    "    h1ci    : Qobj\n",
    "              $H_{1}^{*}\\otimes I $\n",
    "\n",
    "    T       : Qobj\n",
    "              Target unitary transformed to the Liouville space\n",
    "\n",
    "    linbladian : Qobj\n",
    "                 The full lindbladian term as it appears on transformation to \n",
    "                 the Liouville space.\n",
    "        \n",
    "    \"\"\"\n",
    "    I = identity(d)\n",
    "    L_I = tensor(I, I)\n",
    "    ih0 = tensor(I, H_0) \n",
    "    ih1 = tensor(I, H_1) \n",
    "    h0ci = tensor(H_0.conj(), I) \n",
    "    h1ci = tensor(H_1.conj(), I)\n",
    "    x_k = ih1 - h1ci\n",
    "    term1 = tensor(Lin.trans(), Lin)\n",
    "    term2 = tensor(I, ((Lin.dag())*(Lin)))\n",
    "    term3 = tensor(((Lin.trans())*(Lin.conj())), I)\n",
    "    lindbladian = 1j*(gamma)*(term1 - 0.5*(term2 + term3))\n",
    "    T = tensor(T_s.trans(), T_s) # Transforming $T_{s}$ to liouville space\n",
    "    \n",
    "    \n",
    "    return ih0, ih1, h0ci, h1ci, x_k, lindbladian, T, L_I"
   ]
  },
  {
   "cell_type": "code",
   "execution_count": 53,
   "metadata": {
    "ExecuteTime": {
     "end_time": "2019-02-14T08:49:40.145793Z",
     "start_time": "2019-02-14T08:49:40.140366Z"
    }
   },
   "outputs": [],
   "source": [
    "omega_1 = 0.5\n",
    "H_0 = omega_1*sigmaz() \n",
    "H_1 = sigmay()\n",
    "T_s = sigmax() \n",
    "Lin = sigmaz()\n",
    "ih0, ih1, h0ci, h1ci, x_k, lindbladian, T, L_I  = maker(omega_1,\n",
    "                                                  H_0, H_1, T_s, \n",
    "                                                  Lin, d=2, gamma=0.1)"
   ]
  },
  {
   "cell_type": "code",
   "execution_count": 55,
   "metadata": {
    "ExecuteTime": {
     "end_time": "2019-02-14T08:49:40.404098Z",
     "start_time": "2019-02-14T08:49:40.401146Z"
    }
   },
   "outputs": [
    {
     "data": {
      "text/latex": [
       "Quantum object: dims = [[2, 2], [2, 2]], shape = (4, 4), type = oper, isherm = True\\begin{equation*}\\left(\\begin{array}{*{11}c}1.0 & 0.0 & 0.0 & 0.0\\\\0.0 & 1.0 & 0.0 & 0.0\\\\0.0 & 0.0 & 1.0 & 0.0\\\\0.0 & 0.0 & 0.0 & 1.0\\\\\\end{array}\\right)\\end{equation*}"
      ],
      "text/plain": [
       "Quantum object: dims = [[2, 2], [2, 2]], shape = (4, 4), type = oper, isherm = True\n",
       "Qobj data =\n",
       "[[1. 0. 0. 0.]\n",
       " [0. 1. 0. 0.]\n",
       " [0. 0. 1. 0.]\n",
       " [0. 0. 0. 1.]]"
      ]
     },
     "execution_count": 55,
     "metadata": {},
     "output_type": "execute_result"
    }
   ],
   "source": [
    "L_I"
   ]
  },
  {
   "cell_type": "markdown",
   "metadata": {},
   "source": [
    "### Building $A(t)$"
   ]
  },
  {
   "cell_type": "code",
   "execution_count": 57,
   "metadata": {
    "ExecuteTime": {
     "end_time": "2019-02-14T08:49:40.596502Z",
     "start_time": "2019-02-14T08:49:40.594648Z"
    }
   },
   "outputs": [],
   "source": [
    "def A(xi):\n",
    "    r\"\"\"making $A(t)$\"\"\"\n",
    "    A = ih0 - h0ci + xi*(ih1 - h1ci) + lindbladian\n",
    "    return A"
   ]
  },
  {
   "cell_type": "code",
   "execution_count": 59,
   "metadata": {
    "ExecuteTime": {
     "end_time": "2019-02-14T08:49:40.774643Z",
     "start_time": "2019-02-14T08:49:40.691217Z"
    }
   },
   "outputs": [
    {
     "data": {
      "text/latex": [
       "Quantum object: dims = [[2, 2], [2, 2]], shape = (4, 4), type = oper, isherm = False\\begin{equation*}\\left(\\begin{array}{*{11}c}0.0 & -0.500j & -0.500j & 0.0\\\\0.500j & (-1.0-0.200j) & 0.0 & -0.500j\\\\0.500j & 0.0 & (1.0-0.200j) & -0.500j\\\\0.0 & 0.500j & 0.500j & 0.0\\\\\\end{array}\\right)\\end{equation*}"
      ],
      "text/plain": [
       "Quantum object: dims = [[2, 2], [2, 2]], shape = (4, 4), type = oper, isherm = False\n",
       "Qobj data =\n",
       "[[ 0.+0.j   0.-0.5j  0.-0.5j  0.+0.j ]\n",
       " [ 0.+0.5j -1.-0.2j  0.+0.j   0.-0.5j]\n",
       " [ 0.+0.5j  0.+0.j   1.-0.2j  0.-0.5j]\n",
       " [ 0.+0.j   0.+0.5j  0.+0.5j  0.+0.j ]]"
      ]
     },
     "execution_count": 59,
     "metadata": {},
     "output_type": "execute_result"
    }
   ],
   "source": [
    "A(0.5)"
   ]
  },
  {
   "cell_type": "markdown",
   "metadata": {},
   "source": [
    "### Building $L(t)$ and the Identity in the Liouville space"
   ]
  },
  {
   "cell_type": "code",
   "execution_count": 61,
   "metadata": {
    "ExecuteTime": {
     "end_time": "2019-02-14T08:49:40.926430Z",
     "start_time": "2019-02-14T08:49:40.852269Z"
    }
   },
   "outputs": [],
   "source": [
    "def L(xi, dt):\n",
    "    r\"\"\"Making $L(t) from $A(t)$\"\"\"\n",
    "    L = (-1j*A(xi)*dt).expm()\n",
    "    return L"
   ]
  },
  {
   "cell_type": "code",
   "execution_count": 63,
   "metadata": {
    "ExecuteTime": {
     "end_time": "2019-02-14T08:52:23.937250Z",
     "start_time": "2019-02-14T08:52:23.927550Z"
    }
   },
   "outputs": [
    {
     "data": {
      "text/latex": [
       "Quantum object: dims = [[2, 2], [2, 2]], shape = (4, 4), type = oper, isherm = False\\begin{equation*}\\left(\\begin{array}{*{11}c}1.000 & (-4.999\\times10^{-04}-2.500\\times10^{-07}j) & (-4.999\\times10^{-04}+2.500\\times10^{-07}j) & 2.500\\times10^{-07}\\\\(4.999\\times10^{-04}+2.500\\times10^{-07}j) & (1.000+9.998\\times10^{-04}j) & -2.500\\times10^{-07} & (-4.999\\times10^{-04}-2.500\\times10^{-07}j)\\\\(4.999\\times10^{-04}-2.500\\times10^{-07}j) & -2.500\\times10^{-07} & (1.000-9.998\\times10^{-04}j) & (-4.999\\times10^{-04}+2.500\\times10^{-07}j)\\\\2.500\\times10^{-07} & (4.999\\times10^{-04}+2.500\\times10^{-07}j) & (4.999\\times10^{-04}-2.500\\times10^{-07}j) & 1.000\\\\\\end{array}\\right)\\end{equation*}"
      ],
      "text/plain": [
       "Quantum object: dims = [[2, 2], [2, 2]], shape = (4, 4), type = oper, isherm = False\n",
       "Qobj data =\n",
       "[[ 9.99999750e-01+0.00000000e+00j -4.99949837e-04-2.49966628e-07j\n",
       "  -4.99949837e-04+2.49966628e-07j  2.49983293e-07+0.00000000e+00j]\n",
       " [ 4.99949837e-04+2.49966628e-07j  9.99799270e-01+9.99799687e-04j\n",
       "  -2.49966628e-07+0.00000000e+00j -4.99949837e-04-2.49966628e-07j]\n",
       " [ 4.99949837e-04-2.49966628e-07j -2.49966628e-07+0.00000000e+00j\n",
       "   9.99799270e-01-9.99799687e-04j -4.99949837e-04+2.49966628e-07j]\n",
       " [ 2.49983293e-07+0.00000000e+00j  4.99949837e-04+2.49966628e-07j\n",
       "   4.99949837e-04-2.49966628e-07j  9.99999750e-01+0.00000000e+00j]]"
      ]
     },
     "execution_count": 63,
     "metadata": {},
     "output_type": "execute_result"
    }
   ],
   "source": [
    "L(0.5, 0.001)"
   ]
  },
  {
   "cell_type": "markdown",
   "metadata": {},
   "source": [
    "## Major functions"
   ]
  },
  {
   "cell_type": "markdown",
   "metadata": {},
   "source": [
    "### Major functions 1"
   ]
  },
  {
   "cell_type": "code",
   "execution_count": 64,
   "metadata": {
    "ExecuteTime": {
     "end_time": "2019-02-14T08:52:28.991735Z",
     "start_time": "2019-02-14T08:52:28.987362Z"
    }
   },
   "outputs": [],
   "source": [
    "# building the function to optimize (optimizee)\n",
    "def L_vec(xi_vec, dt):\n",
    "    r\"\"\"Building the vector of differential $L(t)$\"\"\"\n",
    "    L_vec = [L(xi, dt) for xi in xi_vec] \n",
    "    return L_vec"
   ]
  },
  {
   "cell_type": "code",
   "execution_count": 65,
   "metadata": {
    "ExecuteTime": {
     "end_time": "2019-02-14T08:52:29.455195Z",
     "start_time": "2019-02-14T08:52:29.451355Z"
    }
   },
   "outputs": [],
   "source": [
    "def fidelity_calc(A, B):\n",
    "    r\"\"\"Making a generalised fidelity function\"\"\"\n",
    "    first_part = (A - B).dag()\n",
    "    second_part = (A - B)\n",
    "    f_int = (first_part* second_part)\n",
    "    f = f_int.tr()\n",
    "    return f"
   ]
  },
  {
   "cell_type": "code",
   "execution_count": 66,
   "metadata": {
    "ExecuteTime": {
     "end_time": "2019-02-14T08:52:30.544280Z",
     "start_time": "2019-02-14T08:52:30.541864Z"
    }
   },
   "outputs": [],
   "source": [
    "def L_full_maker(xi_vec, dt):\n",
    "    r\"\"\"Building the $L(t)$ for the total time $t$\"\"\"\n",
    "    xi_vec_size = xi_vec.size # finding the size of xi\n",
    "    L_full = L_I # Identity for the for loop of L\n",
    "    L_v = L_vec(xi_vec, dt) # calling L_vec\n",
    "    for i in range(xi_vec_size): # generating L_full\n",
    "        L_full = L_full*L_v[xi_vec_size - 1 - i]\n",
    "    return L_full"
   ]
  },
  {
   "cell_type": "code",
   "execution_count": 67,
   "metadata": {
    "ExecuteTime": {
     "end_time": "2019-02-14T08:52:30.864621Z",
     "start_time": "2019-02-14T08:52:30.862241Z"
    }
   },
   "outputs": [],
   "source": [
    "def F(xi_vec, dt):\n",
    "    r\"\"\"Using the fidelity metric to find out the closeness between $T$\n",
    "    and $L(t)$\"\"\"\n",
    "    L_full = L_full_maker(xi_vec, dt)\n",
    "    F = real(-fidelity_calc(T, L_full))   \n",
    "    return F"
   ]
  },
  {
   "cell_type": "markdown",
   "metadata": {},
   "source": [
    "### Testing major functions 1"
   ]
  },
  {
   "cell_type": "code",
   "execution_count": 68,
   "metadata": {
    "ExecuteTime": {
     "end_time": "2019-02-14T08:52:31.457440Z",
     "start_time": "2019-02-14T08:52:31.452609Z"
    }
   },
   "outputs": [
    {
     "data": {
      "text/plain": [
       "4.0"
      ]
     },
     "execution_count": 68,
     "metadata": {},
     "output_type": "execute_result"
    }
   ],
   "source": [
    "fidelity_calc(sigmax(), sigmay())"
   ]
  },
  {
   "cell_type": "code",
   "execution_count": 69,
   "metadata": {
    "ExecuteTime": {
     "end_time": "2019-02-14T08:52:31.725576Z",
     "start_time": "2019-02-14T08:52:31.721566Z"
    }
   },
   "outputs": [
    {
     "data": {
      "text/plain": [
       "0.0"
      ]
     },
     "execution_count": 69,
     "metadata": {},
     "output_type": "execute_result"
    }
   ],
   "source": [
    "fidelity_calc(sigmay(), sigmay())"
   ]
  },
  {
   "cell_type": "code",
   "execution_count": 70,
   "metadata": {
    "ExecuteTime": {
     "end_time": "2019-02-14T08:52:32.031217Z",
     "start_time": "2019-02-14T08:52:32.025478Z"
    }
   },
   "outputs": [
    {
     "data": {
      "text/plain": [
       "array([1., 2.])"
      ]
     },
     "execution_count": 70,
     "metadata": {},
     "output_type": "execute_result"
    }
   ],
   "source": [
    "xi_vec_test = array([1.0, 2.0])\n",
    "xi_vec_test"
   ]
  },
  {
   "cell_type": "code",
   "execution_count": 71,
   "metadata": {
    "ExecuteTime": {
     "end_time": "2019-02-14T08:52:32.345180Z",
     "start_time": "2019-02-14T08:52:32.342228Z"
    }
   },
   "outputs": [
    {
     "data": {
      "text/plain": [
       "2"
      ]
     },
     "execution_count": 71,
     "metadata": {},
     "output_type": "execute_result"
    }
   ],
   "source": [
    "xi_vec_test.size"
   ]
  },
  {
   "cell_type": "code",
   "execution_count": 72,
   "metadata": {
    "ExecuteTime": {
     "end_time": "2019-02-14T08:52:32.657823Z",
     "start_time": "2019-02-14T08:52:32.654649Z"
    }
   },
   "outputs": [
    {
     "data": {
      "text/plain": [
       "[1.0, 4.0]"
      ]
     },
     "execution_count": 72,
     "metadata": {},
     "output_type": "execute_result"
    }
   ],
   "source": [
    "w_vec = [xi**2 for xi in xi_vec_test]\n",
    "w_vec"
   ]
  },
  {
   "cell_type": "code",
   "execution_count": 73,
   "metadata": {
    "ExecuteTime": {
     "end_time": "2019-02-14T08:52:32.989785Z",
     "start_time": "2019-02-14T08:52:32.981016Z"
    }
   },
   "outputs": [
    {
     "data": {
      "text/plain": [
       "-7.998400634493138"
      ]
     },
     "execution_count": 73,
     "metadata": {},
     "output_type": "execute_result"
    }
   ],
   "source": [
    "# F(xi_vec, dt)\n",
    "F(xi_vec_test, 0.001)"
   ]
  },
  {
   "cell_type": "code",
   "execution_count": 74,
   "metadata": {
    "ExecuteTime": {
     "end_time": "2019-02-14T08:52:33.308569Z",
     "start_time": "2019-02-14T08:52:33.303289Z"
    }
   },
   "outputs": [],
   "source": [
    "L_v = L_vec(xi_vec_test, 0.001)"
   ]
  },
  {
   "cell_type": "code",
   "execution_count": 75,
   "metadata": {
    "ExecuteTime": {
     "end_time": "2019-02-14T08:52:33.665019Z",
     "start_time": "2019-02-14T08:52:33.660077Z"
    }
   },
   "outputs": [
    {
     "data": {
      "text/plain": [
       "[Quantum object: dims = [[2, 2], [2, 2]], shape = (4, 4), type = oper, isherm = False\n",
       " Qobj data =\n",
       " [[ 9.99999000e-01+0.00000000e+00j -9.99899173e-04-4.99933130e-07j\n",
       "   -9.99899173e-04+4.99933130e-07j  9.99932920e-07+0.00000000e+00j]\n",
       "  [ 9.99899173e-04+4.99933130e-07j  9.99798520e-01+9.99799187e-04j\n",
       "   -9.99866260e-07+0.00000000e+00j -9.99899173e-04-4.99933130e-07j]\n",
       "  [ 9.99899173e-04-4.99933130e-07j -9.99866260e-07+0.00000000e+00j\n",
       "    9.99798520e-01-9.99799187e-04j -9.99899173e-04+4.99933130e-07j]\n",
       "  [ 9.99932920e-07+0.00000000e+00j  9.99899173e-04+4.99933130e-07j\n",
       "    9.99899173e-04-4.99933130e-07j  9.99999000e-01+0.00000000e+00j]],\n",
       " Quantum object: dims = [[2, 2], [2, 2]], shape = (4, 4), type = oper, isherm = False\n",
       " Qobj data =\n",
       " [[ 9.99996000e-01+0.00000000e+00j -1.99979435e-03-9.99865260e-07j\n",
       "   -1.99979435e-03+9.99865260e-07j  3.99972768e-06+0.00000000e+00j]\n",
       "  [ 1.99979435e-03+9.99865260e-07j  9.99795521e-01+9.99797187e-04j\n",
       "   -3.99946104e-06+0.00000000e+00j -1.99979435e-03-9.99865260e-07j]\n",
       "  [ 1.99979435e-03-9.99865260e-07j -3.99946104e-06+0.00000000e+00j\n",
       "    9.99795521e-01-9.99797187e-04j -1.99979435e-03+9.99865260e-07j]\n",
       "  [ 3.99972768e-06+0.00000000e+00j  1.99979435e-03+9.99865260e-07j\n",
       "    1.99979435e-03-9.99865260e-07j  9.99996000e-01+0.00000000e+00j]]]"
      ]
     },
     "execution_count": 75,
     "metadata": {},
     "output_type": "execute_result"
    }
   ],
   "source": [
    "L_v"
   ]
  },
  {
   "cell_type": "markdown",
   "metadata": {},
   "source": [
    "### Major Functions 2"
   ]
  },
  {
   "cell_type": "code",
   "execution_count": 76,
   "metadata": {
    "ExecuteTime": {
     "end_time": "2019-02-14T08:52:34.269394Z",
     "start_time": "2019-02-14T08:52:34.265648Z"
    }
   },
   "outputs": [],
   "source": [
    "def L_comma_k_maker(xi_vec, k, dt):\n",
    "    r\"\"\"Making of the derivative of full $L(t)$ at time $t_{k}$\"\"\"\n",
    "    N = xi_vec.size \n",
    "    # Determining the size of xi, and thus the time_steps indirectly.\n",
    "    L_v = L_vec(xi_vec, dt)# Making of the full $L(t)$\n",
    "    inner_part = L_I # Beginner for the for loop\n",
    "    for i in range(N):\n",
    "        if i == ( N - 1 - k ):\n",
    "            # The step at which $X_{k}(t)$ has to be inserted \n",
    "            inner_part = inner_part*x_k*L_v[k - 1]\n",
    "        else:\n",
    "            # Usual multiplications of $L_{k}$\n",
    "            inner_part = inner_part*L_v[N - 1 - i]\n",
    "    l_comma_k = inner_part\n",
    "    return l_comma_k\n",
    "    "
   ]
  },
  {
   "cell_type": "code",
   "execution_count": 77,
   "metadata": {
    "ExecuteTime": {
     "end_time": "2019-02-14T08:52:34.587952Z",
     "start_time": "2019-02-14T08:52:34.572717Z"
    }
   },
   "outputs": [
    {
     "data": {
      "text/latex": [
       "Quantum object: dims = [[2, 2], [2, 2]], shape = (4, 4), type = oper, isherm = False\\begin{equation*}\\left(\\begin{array}{*{11}c}1.000 & (-0.003-3.499\\times10^{-06}j) & (-0.003+3.499\\times10^{-06}j) & 8.999\\times10^{-06}\\\\(0.003+2.499\\times10^{-06}j) & (1.000+0.002j) & (-8.998\\times10^{-06}+2.999\\times10^{-09}j) & (-0.003-2.499\\times10^{-06}j)\\\\(0.003-2.499\\times10^{-06}j) & (-8.998\\times10^{-06}-2.999\\times10^{-09}j) & (1.000-0.002j) & (-0.003+2.499\\times10^{-06}j)\\\\8.999\\times10^{-06} & (0.003+3.499\\times10^{-06}j) & (0.003-3.499\\times10^{-06}j) & 1.000\\\\\\end{array}\\right)\\end{equation*}"
      ],
      "text/plain": [
       "Quantum object: dims = [[2, 2], [2, 2]], shape = (4, 4), type = oper, isherm = False\n",
       "Qobj data =\n",
       "[[ 9.99991001e-01+0.00000000e+00j -2.99927960e-03-3.49898670e-06j\n",
       "  -2.99927960e-03+3.49898670e-06j  8.99883703e-06+0.00000000e+00j]\n",
       " [ 2.99948056e-03+2.49939255e-06j  9.99589083e-01+1.99918650e-03j\n",
       "  -8.99750347e-06+2.99899242e-09j -2.99948056e-03-2.49939255e-06j]\n",
       " [ 2.99948056e-03-2.49939255e-06j -8.99750347e-06-2.99899242e-09j\n",
       "   9.99589083e-01-1.99918650e-03j -2.99948056e-03+2.49939255e-06j]\n",
       " [ 8.99883703e-06+0.00000000e+00j  2.99927960e-03+3.49898670e-06j\n",
       "   2.99927960e-03-3.49898670e-06j  9.99991001e-01+0.00000000e+00j]]"
      ]
     },
     "execution_count": 77,
     "metadata": {},
     "output_type": "execute_result"
    }
   ],
   "source": [
    "# L_comma_k_maker(xi_vec, k, dt)\n",
    "L_comma_k_maker(xi_vec_test, 2, 0.001)"
   ]
  },
  {
   "cell_type": "code",
   "execution_count": 78,
   "metadata": {
    "ExecuteTime": {
     "end_time": "2019-02-14T08:52:34.877647Z",
     "start_time": "2019-02-14T08:52:34.874772Z"
    }
   },
   "outputs": [],
   "source": [
    "def updater(xi_vec, dt, epsilon):\n",
    "    r\"\"\"Implementing the GRAPE update step\"\"\"\n",
    "    xi_vec_size = xi_vec.size # finding the size of xi\n",
    "    L_full = L_full_maker(xi_vec, dt)\n",
    "    di = []\n",
    "    for k in range(xi_vec_size):\n",
    "        # Building the thing to be added to the old function\n",
    "        L_comma_k = L_comma_k_maker(xi_vec, k, dt)\n",
    "        differentiated = T - L_comma_k\n",
    "        plain = T - L_full\n",
    "        c = -differentiated.dag()*plain\n",
    "        d = -plain.dag()*differentiated\n",
    "        inside = c.tr() + d.tr()\n",
    "        di.append(epsilon*inside)\n",
    "\n",
    "    diff = array(di)\n",
    "    xi_new_vec = xi_vec + diff\n",
    "    return diff, xi_new_vec\n",
    "    "
   ]
  },
  {
   "cell_type": "code",
   "execution_count": 79,
   "metadata": {
    "ExecuteTime": {
     "end_time": "2019-02-14T08:52:35.175283Z",
     "start_time": "2019-02-14T08:52:35.155850Z"
    }
   },
   "outputs": [
    {
     "data": {
      "text/plain": [
       "(array([-0.008+0.j, -0.008+0.j]), array([0.992+0.j, 1.992+0.j]))"
      ]
     },
     "execution_count": 79,
     "metadata": {},
     "output_type": "execute_result"
    }
   ],
   "source": [
    "#  updater(xi_vec, dt, epsilon)\n",
    "updater(xi_vec_test, 0.001, 0.001)"
   ]
  },
  {
   "cell_type": "code",
   "execution_count": 80,
   "metadata": {
    "ExecuteTime": {
     "end_time": "2019-02-14T08:52:35.464858Z",
     "start_time": "2019-02-14T08:52:35.462695Z"
    }
   },
   "outputs": [],
   "source": [
    "import time"
   ]
  },
  {
   "cell_type": "code",
   "execution_count": 81,
   "metadata": {
    "ExecuteTime": {
     "end_time": "2019-02-14T08:52:35.774110Z",
     "start_time": "2019-02-14T08:52:35.771704Z"
    }
   },
   "outputs": [],
   "source": [
    "total_time_evo = 2*pi # total time allowed for evolution"
   ]
  },
  {
   "cell_type": "code",
   "execution_count": 82,
   "metadata": {
    "ExecuteTime": {
     "end_time": "2019-02-14T08:52:37.359742Z",
     "start_time": "2019-02-14T08:52:37.357795Z"
    }
   },
   "outputs": [],
   "source": [
    "times = linspace(0, total_time_evo, 500) "
   ]
  },
  {
   "cell_type": "code",
   "execution_count": 83,
   "metadata": {
    "ExecuteTime": {
     "end_time": "2019-02-14T08:52:37.779155Z",
     "start_time": "2019-02-14T08:52:37.776956Z"
    }
   },
   "outputs": [],
   "source": [
    "# vector of times at which discretization \n",
    "# is carried out"
   ]
  },
  {
   "cell_type": "code",
   "execution_count": 84,
   "metadata": {
    "ExecuteTime": {
     "end_time": "2019-02-14T08:52:38.477933Z",
     "start_time": "2019-02-14T08:52:38.471257Z"
    }
   },
   "outputs": [
    {
     "data": {
      "text/latex": [
       "Quantum object: dims = [[2], [2]], shape = (2, 2), type = oper, isherm = True\\begin{equation*}\\left(\\begin{array}{*{11}c}0.0 & 1.0\\\\1.0 & 0.0\\\\\\end{array}\\right)\\end{equation*}"
      ],
      "text/plain": [
       "Quantum object: dims = [[2], [2]], shape = (2, 2), type = oper, isherm = True\n",
       "Qobj data =\n",
       "[[0. 1.]\n",
       " [1. 0.]]"
      ]
     },
     "execution_count": 84,
     "metadata": {},
     "output_type": "execute_result"
    }
   ],
   "source": [
    "U = T_s\n",
    "U"
   ]
  },
  {
   "cell_type": "code",
   "execution_count": 85,
   "metadata": {
    "ExecuteTime": {
     "end_time": "2019-02-14T08:52:39.476875Z",
     "start_time": "2019-02-14T08:52:39.472587Z"
    }
   },
   "outputs": [],
   "source": [
    "R = 500"
   ]
  },
  {
   "cell_type": "code",
   "execution_count": 86,
   "metadata": {
    "ExecuteTime": {
     "end_time": "2019-02-14T08:52:40.050915Z",
     "start_time": "2019-02-14T08:52:40.044693Z"
    }
   },
   "outputs": [
    {
     "data": {
      "text/plain": [
       "[Quantum object: dims = [[2], [2]], shape = (2, 2), type = oper, isherm = True\n",
       " Qobj data =\n",
       " [[0.+0.j 0.-1.j]\n",
       "  [0.+1.j 0.+0.j]]]"
      ]
     },
     "execution_count": 86,
     "metadata": {},
     "output_type": "execute_result"
    }
   ],
   "source": [
    "H_ops = [H_1]\n",
    "H_ops"
   ]
  },
  {
   "cell_type": "code",
   "execution_count": 87,
   "metadata": {
    "ExecuteTime": {
     "end_time": "2019-02-14T08:52:40.518172Z",
     "start_time": "2019-02-14T08:52:40.514057Z"
    }
   },
   "outputs": [
    {
     "data": {
      "text/plain": [
       "['$g_{no diss}$']"
      ]
     },
     "execution_count": 87,
     "metadata": {},
     "output_type": "execute_result"
    }
   ],
   "source": [
    "H_labels = [r'$g_{no diss}$']\n",
    "H_labels"
   ]
  },
  {
   "cell_type": "code",
   "execution_count": 88,
   "metadata": {
    "ExecuteTime": {
     "end_time": "2019-02-14T08:52:41.157825Z",
     "start_time": "2019-02-14T08:52:41.149417Z"
    }
   },
   "outputs": [
    {
     "data": {
      "text/latex": [
       "Quantum object: dims = [[2], [2]], shape = (2, 2), type = oper, isherm = True\\begin{equation*}\\left(\\begin{array}{*{11}c}0.500 & 0.0\\\\0.0 & -0.500\\\\\\end{array}\\right)\\end{equation*}"
      ],
      "text/plain": [
       "Quantum object: dims = [[2], [2]], shape = (2, 2), type = oper, isherm = True\n",
       "Qobj data =\n",
       "[[ 0.5  0. ]\n",
       " [ 0.  -0.5]]"
      ]
     },
     "execution_count": 88,
     "metadata": {},
     "output_type": "execute_result"
    }
   ],
   "source": [
    "H0 = H_0\n",
    "H0"
   ]
  },
  {
   "cell_type": "code",
   "execution_count": 89,
   "metadata": {
    "ExecuteTime": {
     "end_time": "2019-02-14T08:52:41.476814Z",
     "start_time": "2019-02-14T08:52:41.474568Z"
    }
   },
   "outputs": [],
   "source": [
    "c_ops = []"
   ]
  },
  {
   "cell_type": "code",
   "execution_count": 90,
   "metadata": {
    "ExecuteTime": {
     "end_time": "2019-02-14T08:52:42.247324Z",
     "start_time": "2019-02-14T08:52:42.244097Z"
    }
   },
   "outputs": [],
   "source": [
    "from qutip.control.grape import plot_grape_control_fields, _overlap \n",
    "from qutip.control.grape import grape_unitary_adaptive, cy_grape_unitary"
   ]
  },
  {
   "cell_type": "code",
   "execution_count": 91,
   "metadata": {
    "ExecuteTime": {
     "end_time": "2019-02-14T08:52:42.750878Z",
     "start_time": "2019-02-14T08:52:42.748898Z"
    }
   },
   "outputs": [],
   "source": [
    "from scipy.interpolate import interp1d\n",
    "from qutip.ui.progressbar import TextProgressBar"
   ]
  },
  {
   "cell_type": "code",
   "execution_count": 92,
   "metadata": {
    "ExecuteTime": {
     "end_time": "2019-02-14T08:52:43.276182Z",
     "start_time": "2019-02-14T08:52:43.274151Z"
    }
   },
   "outputs": [],
   "source": [
    "u0 = array([rand(len(times)) * 2 * pi * 0.05 for _ in range(len(H_ops))])"
   ]
  },
  {
   "cell_type": "code",
   "execution_count": 93,
   "metadata": {
    "ExecuteTime": {
     "end_time": "2019-02-14T08:52:43.791688Z",
     "start_time": "2019-02-14T08:52:43.788840Z"
    }
   },
   "outputs": [],
   "source": [
    "from numpy import convolve\n",
    "u0 = [convolve(ones(10)/10, u0[idx,:], mode='same') for idx in range(len(H_ops))]"
   ]
  },
  {
   "cell_type": "code",
   "execution_count": 94,
   "metadata": {
    "ExecuteTime": {
     "end_time": "2019-02-14T08:52:44.382063Z",
     "start_time": "2019-02-14T08:52:44.378252Z"
    }
   },
   "outputs": [],
   "source": [
    "u_limits = None #[0, 1 * 2 * pi]\n",
    "alpha = None"
   ]
  },
  {
   "cell_type": "code",
   "execution_count": 95,
   "metadata": {
    "ExecuteTime": {
     "end_time": "2019-02-14T08:58:09.211388Z",
     "start_time": "2019-02-14T08:52:45.039826Z"
    }
   },
   "outputs": [
    {
     "name": "stdout",
     "output_type": "stream",
     "text": [
      "10.0%. Run time:  33.00s. Est. time left: 00:00:04:57\n",
      "20.0%. Run time:  65.56s. Est. time left: 00:00:04:22\n",
      "30.0%. Run time:  98.20s. Est. time left: 00:00:03:49\n",
      "40.0%. Run time: 130.76s. Est. time left: 00:00:03:16\n",
      "50.0%. Run time: 163.29s. Est. time left: 00:00:02:43\n",
      "60.0%. Run time: 196.05s. Est. time left: 00:00:02:10\n",
      "70.0%. Run time: 228.23s. Est. time left: 00:00:01:37\n",
      "80.0%. Run time: 260.41s. Est. time left: 00:00:01:05\n",
      "90.0%. Run time: 292.53s. Est. time left: 00:00:00:32\n",
      "Total run time: 324.17s\n"
     ]
    }
   ],
   "source": [
    "result = cy_grape_unitary(U, H0, H_ops, R, times, u_start=u0, u_limits=u_limits,\n",
    "                          eps=2*np.pi*1, alpha=alpha, phase_sensitive=False,\n",
    "                          progress_bar=TextProgressBar())"
   ]
  },
  {
   "cell_type": "markdown",
   "metadata": {},
   "source": [
    "#### Plot of optimized control field without dissipation"
   ]
  },
  {
   "cell_type": "code",
   "execution_count": 96,
   "metadata": {
    "ExecuteTime": {
     "end_time": "2019-02-14T08:58:10.266030Z",
     "start_time": "2019-02-14T08:58:09.243989Z"
    }
   },
   "outputs": [
    {
     "data": {
