{
 "cells": [
  {
   "cell_type": "markdown",
   "metadata": {},
   "source": [
    "# Imports"
   ]
  },
  {
   "cell_type": "markdown",
   "metadata": {},
   "source": [
    "Need to have jate.py in your folder"
   ]
  },
  {
   "cell_type": "code",
   "execution_count": 335,
   "metadata": {
    "ExecuteTime": {
     "end_time": "2019-02-21T10:13:19.653756Z",
     "start_time": "2019-02-21T10:13:19.649327Z"
    }
   },
   "outputs": [],
   "source": [
    "%run jate.py #will import everything"
   ]
  },
  {
   "cell_type": "markdown",
   "metadata": {},
   "source": [
    "# Next chapter"
   ]
  },
  {
   "cell_type": "markdown",
   "metadata": {},
   "source": [
    "## memory clear (uses regex, so be careful)"
   ]
  },
  {
   "cell_type": "code",
   "execution_count": 336,
   "metadata": {
    "ExecuteTime": {
     "end_time": "2019-02-21T10:13:20.036877Z",
     "start_time": "2019-02-21T10:13:20.033822Z"
    }
   },
   "outputs": [],
   "source": [
    "%reset_selective -f var1, var2  # replace var1, var2 with your defined ones"
   ]
  },
  {
   "cell_type": "markdown",
   "metadata": {},
   "source": [
    "## Building parts"
   ]
  },
  {
   "cell_type": "markdown",
   "metadata": {},
   "source": [
    "### Building the things to be calculated only once"
   ]
  },
  {
   "cell_type": "code",
   "execution_count": 337,
   "metadata": {
    "ExecuteTime": {
     "end_time": "2019-02-21T10:13:20.316939Z",
     "start_time": "2019-02-21T10:13:20.310793Z"
    },
    "code_folding": []
   },
   "outputs": [],
   "source": [
    "def maker(omega_1, H_0, H_1, T_s, Lin, d=2, gamma=0.1):\n",
    "    r\"\"\"maker\n",
    "    Makes all the things that remain constant throught the program, but are \n",
    "    repeatedly used.\n",
    "    \n",
    "\n",
    "    Parameters\n",
    "    ----------\n",
    "    omega_1 : float\n",
    "              frequency corresponding to half of the difference between \n",
    "              energy levels of the qubit\n",
    "              \n",
    "    H_0     : Qobj\n",
    "              Bare Hamiltonian \n",
    "              \n",
    "    H_1     : Qobj\n",
    "              Interaction Hamiltonian \n",
    "              \n",
    "    T_s     : Qobj\n",
    "              Unitary to be implemented in the Hilbert space\n",
    "    \n",
    "    Lin     : Qobj\n",
    "              Linbladian operators\n",
    "\n",
    "    d       : int\n",
    "              Dimension of the matrix. Defaults to 2\n",
    "    \n",
    "    gamma   : float\n",
    "              Damping constant of the Linbladian\n",
    "\n",
    "    \n",
    "    Returns\n",
    "    -------\n",
    "    \n",
    "    ih0     : Qobj\n",
    "              $I\\otimes H_{0}$\n",
    "              \n",
    "    ih1     : Qobj\n",
    "              $I\\otimes H_{1}$\n",
    "\n",
    "    h0ci    : Qobj\n",
    "              $H_{0}^{*}\\otimes I $\n",
    "\n",
    "    h1ci    : Qobj\n",
    "              $H_{1}^{*}\\otimes I $\n",
    "\n",
    "    T       : Qobj\n",
    "              Target unitary transformed to the Liouville space\n",
    "\n",
    "    linbladian : Qobj\n",
    "                 The full lindbladian term as it appears on transformation to \n",
    "                 the Liouville space.\n",
    "        \n",
    "    \"\"\"\n",
    "    I = identity(d)\n",
    "    L_I = tensor(I, I)\n",
    "    ih0 = tensor(I, H_0) \n",
    "    ih1 = tensor(I, H_1) \n",
    "    h0ci = tensor(H_0.conj(), I) \n",
    "    h1ci = tensor(H_1.conj(), I)\n",
    "    x_k = ih1 - h1ci\n",
    "    term1 = tensor(Lin.trans(), Lin)\n",
    "    term2 = tensor(I, ((Lin.dag())*(Lin)))\n",
    "    term3 = tensor(((Lin.trans())*(Lin.conj())), I)\n",
    "    lindbladian = 1j*(gamma)*(term1 - 0.5*(term2 + term3))\n",
    "    T = tensor(T_s.trans(), T_s) # Transforming $T_{s}$ to liouville space\n",
    "    \n",
    "    \n",
    "    return ih0, ih1, h0ci, h1ci, x_k, lindbladian, T, L_I"
   ]
  },
  {
   "cell_type": "code",
   "execution_count": 338,
   "metadata": {
    "ExecuteTime": {
     "end_time": "2019-02-21T10:13:20.470362Z",
     "start_time": "2019-02-21T10:13:20.321859Z"
    }
   },
   "outputs": [],
   "source": [
    "omega_1 = 0.5\n",
    "H_0 = omega_1*sigmaz() \n",
    "H_1 = sigmay()\n",
    "T_s = sigmax() \n",
    "Lin = sigmaz()\n",
    "gamma = 0.1 # check for default value\n",
    "ih0, ih1, h0ci, h1ci, x_k, lindbladian, T, L_I  = maker(omega_1,\n",
    "                                                  H_0, H_1, T_s, \n",
    "                                                  Lin, d=2, gamma=gamma)"
   ]
  },
  {
   "cell_type": "code",
   "execution_count": 339,
   "metadata": {
    "ExecuteTime": {
     "end_time": "2019-02-21T10:13:20.586387Z",
     "start_time": "2019-02-21T10:13:20.471886Z"
    }
   },
   "outputs": [
    {
     "data": {
      "text/plain": [
       "0.1"
      ]
     },
     "execution_count": 339,
     "metadata": {},
     "output_type": "execute_result"
    }
   ],
   "source": [
    "gamma"
   ]
  },
  {
   "cell_type": "code",
   "execution_count": 340,
   "metadata": {
    "ExecuteTime": {
     "end_time": "2019-02-21T10:13:20.681469Z",
     "start_time": "2019-02-21T10:13:20.588009Z"
    }
   },
   "outputs": [
    {
     "data": {
      "text/latex": [
       "Quantum object: dims = [[2, 2], [2, 2]], shape = (4, 4), type = oper, isherm = True\\begin{equation*}\\left(\\begin{array}{*{11}c}1.0 & 0.0 & 0.0 & 0.0\\\\0.0 & 1.0 & 0.0 & 0.0\\\\0.0 & 0.0 & 1.0 & 0.0\\\\0.0 & 0.0 & 0.0 & 1.0\\\\\\end{array}\\right)\\end{equation*}"
      ],
      "text/plain": [
       "Quantum object: dims = [[2, 2], [2, 2]], shape = (4, 4), type = oper, isherm = True\n",
       "Qobj data =\n",
       "[[1. 0. 0. 0.]\n",
       " [0. 1. 0. 0.]\n",
       " [0. 0. 1. 0.]\n",
       " [0. 0. 0. 1.]]"
      ]
     },
     "execution_count": 340,
     "metadata": {},
     "output_type": "execute_result"
    }
   ],
   "source": [
    "L_I"
   ]
  },
  {
   "cell_type": "markdown",
   "metadata": {},
   "source": [
    "### Building $A(t)$"
   ]
  },
  {
   "cell_type": "code",
   "execution_count": 341,
   "metadata": {
    "ExecuteTime": {
     "end_time": "2019-02-21T10:13:20.762374Z",
     "start_time": "2019-02-21T10:13:20.684182Z"
    }
   },
   "outputs": [],
   "source": [
    "def A(xi):\n",
    "    r\"\"\"making $A(t)$\"\"\"\n",
    "    A = ih0 - h0ci + xi*(ih1 - h1ci) + lindbladian\n",
    "    return A"
   ]
  },
  {
   "cell_type": "code",
   "execution_count": 342,
   "metadata": {
    "ExecuteTime": {
     "end_time": "2019-02-21T10:13:20.866465Z",
     "start_time": "2019-02-21T10:13:20.764012Z"
    }
   },
   "outputs": [
    {
     "data": {
      "text/latex": [
       "Quantum object: dims = [[2, 2], [2, 2]], shape = (4, 4), type = oper, isherm = False\\begin{equation*}\\left(\\begin{array}{*{11}c}0.0 & -0.500j & -0.500j & 0.0\\\\0.500j & (-1.0-0.200j) & 0.0 & -0.500j\\\\0.500j & 0.0 & (1.0-0.200j) & -0.500j\\\\0.0 & 0.500j & 0.500j & 0.0\\\\\\end{array}\\right)\\end{equation*}"
      ],
      "text/plain": [
       "Quantum object: dims = [[2, 2], [2, 2]], shape = (4, 4), type = oper, isherm = False\n",
       "Qobj data =\n",
       "[[ 0.+0.j   0.-0.5j  0.-0.5j  0.+0.j ]\n",
       " [ 0.+0.5j -1.-0.2j  0.+0.j   0.-0.5j]\n",
       " [ 0.+0.5j  0.+0.j   1.-0.2j  0.-0.5j]\n",
       " [ 0.+0.j   0.+0.5j  0.+0.5j  0.+0.j ]]"
      ]
     },
     "execution_count": 342,
     "metadata": {},
     "output_type": "execute_result"
    }
   ],
   "source": [
    "A(0.5)"
   ]
  },
  {
   "cell_type": "markdown",
   "metadata": {},
   "source": [
    "### Building $L(t)$ and the Identity in the Liouville space"
   ]
  },
  {
   "cell_type": "code",
   "execution_count": 343,
   "metadata": {
    "ExecuteTime": {
     "end_time": "2019-02-21T10:13:20.971142Z",
     "start_time": "2019-02-21T10:13:20.867936Z"
    }
   },
   "outputs": [],
   "source": [
    "def L(xi, dt):\n",
    "    r\"\"\"Making $L(t) from $A(t)$\"\"\"\n",
    "    L = (-1j*A(xi)*dt).expm()\n",
    "    return L"
   ]
  },
  {
   "cell_type": "code",
   "execution_count": 344,
   "metadata": {
    "ExecuteTime": {
     "end_time": "2019-02-21T10:13:21.084763Z",
     "start_time": "2019-02-21T10:13:20.972841Z"
    }
   },
   "outputs": [
    {
     "data": {
      "text/latex": [
       "Quantum object: dims = [[2, 2], [2, 2]], shape = (4, 4), type = oper, isherm = False\\begin{equation*}\\left(\\begin{array}{*{11}c}1.000 & (-4.999\\times10^{-04}-2.500\\times10^{-07}j) & (-4.999\\times10^{-04}+2.500\\times10^{-07}j) & 2.500\\times10^{-07}\\\\(4.999\\times10^{-04}+2.500\\times10^{-07}j) & (1.000+9.998\\times10^{-04}j) & -2.500\\times10^{-07} & (-4.999\\times10^{-04}-2.500\\times10^{-07}j)\\\\(4.999\\times10^{-04}-2.500\\times10^{-07}j) & -2.500\\times10^{-07} & (1.000-9.998\\times10^{-04}j) & (-4.999\\times10^{-04}+2.500\\times10^{-07}j)\\\\2.500\\times10^{-07} & (4.999\\times10^{-04}+2.500\\times10^{-07}j) & (4.999\\times10^{-04}-2.500\\times10^{-07}j) & 1.000\\\\\\end{array}\\right)\\end{equation*}"
      ],
      "text/plain": [
       "Quantum object: dims = [[2, 2], [2, 2]], shape = (4, 4), type = oper, isherm = False\n",
       "Qobj data =\n",
       "[[ 9.99999750e-01+0.00000000e+00j -4.99949837e-04-2.49966628e-07j\n",
       "  -4.99949837e-04+2.49966628e-07j  2.49983293e-07+0.00000000e+00j]\n",
       " [ 4.99949837e-04+2.49966628e-07j  9.99799270e-01+9.99799687e-04j\n",
       "  -2.49966628e-07+0.00000000e+00j -4.99949837e-04-2.49966628e-07j]\n",
       " [ 4.99949837e-04-2.49966628e-07j -2.49966628e-07+0.00000000e+00j\n",
       "   9.99799270e-01-9.99799687e-04j -4.99949837e-04+2.49966628e-07j]\n",
       " [ 2.49983293e-07+0.00000000e+00j  4.99949837e-04+2.49966628e-07j\n",
       "   4.99949837e-04-2.49966628e-07j  9.99999750e-01+0.00000000e+00j]]"
      ]
     },
     "execution_count": 344,
     "metadata": {},
     "output_type": "execute_result"
    }
   ],
   "source": [
    "L(0.5, 0.001)"
   ]
  },
  {
   "cell_type": "markdown",
   "metadata": {},
   "source": [
    "## Major functions"
   ]
  },
  {
   "cell_type": "markdown",
   "metadata": {},
   "source": [
    "### Major functions 1"
   ]
  },
  {
   "cell_type": "code",
   "execution_count": 345,
   "metadata": {
    "ExecuteTime": {
     "end_time": "2019-02-21T10:13:21.187666Z",
     "start_time": "2019-02-21T10:13:21.086531Z"
    }
   },
   "outputs": [],
   "source": [
    "# building the function to optimize (optimizee)\n",
    "def L_vec(xi_vec, dt):\n",
    "    r\"\"\"Building the vector of differential $L(t)$\"\"\"\n",
    "    L_vec = [L(xi, dt) for xi in xi_vec] \n",
    "    return L_vec"
   ]
  },
  {
   "cell_type": "code",
   "execution_count": 346,
   "metadata": {
    "ExecuteTime": {
     "end_time": "2019-02-21T10:13:21.296100Z",
     "start_time": "2019-02-21T10:13:21.189337Z"
    }
   },
   "outputs": [],
   "source": [
    "def fidelity_calc(A, B):\n",
    "    r\"\"\"Making a generalised fidelity function\"\"\"\n",
    "    first_part = (A - B).dag()\n",
    "    second_part = (A - B)\n",
    "    f_int = (first_part* second_part)\n",
    "    f = f_int.tr()\n",
    "    return f"
   ]
  },
  {
   "cell_type": "code",
   "execution_count": 347,
   "metadata": {
    "ExecuteTime": {
     "end_time": "2019-02-21T10:13:21.429315Z",
     "start_time": "2019-02-21T10:13:21.297998Z"
    }
   },
   "outputs": [],
   "source": [
    "def L_full_maker(xi_vec, dt):\n",
    "    r\"\"\"Building the $L(t)$ for the total time $t$\"\"\"\n",
    "    xi_vec_size = xi_vec.size # finding the size of xi\n",
    "    L_full = L_I # Identity for the for loop of L\n",
    "    L_v = L_vec(xi_vec, dt) # calling L_vec\n",
    "    for i in range(xi_vec_size): # generating L_full\n",
    "        L_full = L_full*L_v[xi_vec_size - 1 - i]\n",
    "    return L_full"
   ]
  },
  {
   "cell_type": "code",
   "execution_count": 348,
   "metadata": {
    "ExecuteTime": {
     "end_time": "2019-02-21T10:13:21.537738Z",
     "start_time": "2019-02-21T10:13:21.430999Z"
    }
   },
   "outputs": [],
   "source": [
    "def F(xi_vec, dt):\n",
    "    r\"\"\"Using the fidelity metric to find out the closeness between $T$\n",
    "    and $L(t)$\"\"\"\n",
    "    L_full = L_full_maker(xi_vec, dt)\n",
    "    F = real(-fidelity_calc(T, L_full))   \n",
    "    return F"
   ]
  },
  {
   "cell_type": "markdown",
   "metadata": {},
   "source": [
    "### Testing major functions 1"
   ]
  },
  {
   "cell_type": "code",
   "execution_count": 349,
   "metadata": {
    "ExecuteTime": {
     "end_time": "2019-02-21T10:13:21.648961Z",
     "start_time": "2019-02-21T10:13:21.539328Z"
    }
   },
   "outputs": [
    {
     "data": {
      "text/plain": [
       "4.0"
      ]
     },
     "execution_count": 349,
     "metadata": {},
     "output_type": "execute_result"
    }
   ],
   "source": [
    "fidelity_calc(sigmax(), sigmay())"
   ]
  },
  {
   "cell_type": "code",
   "execution_count": 350,
   "metadata": {
    "ExecuteTime": {
     "end_time": "2019-02-21T10:13:21.757471Z",
     "start_time": "2019-02-21T10:13:21.650505Z"
    }
   },
   "outputs": [
    {
     "data": {
      "text/plain": [
       "0.0"
      ]
     },
     "execution_count": 350,
     "metadata": {},
     "output_type": "execute_result"
    }
   ],
   "source": [
    "fidelity_calc(sigmay(), sigmay())"
   ]
  },
  {
   "cell_type": "code",
   "execution_count": 351,
   "metadata": {
    "ExecuteTime": {
     "end_time": "2019-02-21T10:13:21.863880Z",
     "start_time": "2019-02-21T10:13:21.759168Z"
    }
   },
   "outputs": [
    {
     "data": {
      "text/plain": [
       "array([1., 2.])"
      ]
     },
     "execution_count": 351,
     "metadata": {},
     "output_type": "execute_result"
    }
   ],
   "source": [
    "xi_vec_test = array([1.0, 2.0])\n",
    "xi_vec_test"
   ]
  },
  {
   "cell_type": "code",
   "execution_count": 352,
   "metadata": {
    "ExecuteTime": {
     "end_time": "2019-02-21T10:13:21.963509Z",
     "start_time": "2019-02-21T10:13:21.865554Z"
    }
   },
   "outputs": [
    {
     "data": {
      "text/plain": [
       "2"
      ]
     },
     "execution_count": 352,
     "metadata": {},
     "output_type": "execute_result"
    }
   ],
   "source": [
    "xi_vec_test.size"
   ]
  },
  {
   "cell_type": "code",
   "execution_count": 353,
   "metadata": {
    "ExecuteTime": {
     "end_time": "2019-02-21T10:13:22.064027Z",
     "start_time": "2019-02-21T10:13:21.965072Z"
    }
   },
   "outputs": [
    {
     "data": {
      "text/plain": [
       "[1.0, 4.0]"
      ]
     },
     "execution_count": 353,
     "metadata": {},
     "output_type": "execute_result"
    }
   ],
   "source": [
    "w_vec = [xi**2 for xi in xi_vec_test]\n",
    "w_vec"
   ]
  },
  {
   "cell_type": "code",
   "execution_count": 354,
   "metadata": {
    "ExecuteTime": {
     "end_time": "2019-02-21T10:13:22.169413Z",
     "start_time": "2019-02-21T10:13:22.065528Z"
    }
   },
   "outputs": [
    {
     "data": {
      "text/plain": [
       "-7.998400634493138"
      ]
     },
     "execution_count": 354,
     "metadata": {},
     "output_type": "execute_result"
    }
   ],
   "source": [
    "# F(xi_vec, dt)\n",
    "F(xi_vec_test, 0.001)"
   ]
  },
  {
   "cell_type": "code",
   "execution_count": 355,
   "metadata": {
    "ExecuteTime": {
     "end_time": "2019-02-21T10:13:22.282485Z",
     "start_time": "2019-02-21T10:13:22.171032Z"
    }
   },
   "outputs": [],
   "source": [
    "L_v = L_vec(xi_vec_test, 0.001)"
   ]
  },
  {
   "cell_type": "code",
   "execution_count": 356,
   "metadata": {
    "ExecuteTime": {
     "end_time": "2019-02-21T10:13:22.397614Z",
     "start_time": "2019-02-21T10:13:22.283854Z"
    }
   },
   "outputs": [
    {
     "data": {
      "text/plain": [
       "[Quantum object: dims = [[2, 2], [2, 2]], shape = (4, 4), type = oper, isherm = False\n",
       " Qobj data =\n",
       " [[ 9.99999000e-01+0.00000000e+00j -9.99899173e-04-4.99933130e-07j\n",
       "   -9.99899173e-04+4.99933130e-07j  9.99932920e-07+0.00000000e+00j]\n",
       "  [ 9.99899173e-04+4.99933130e-07j  9.99798520e-01+9.99799187e-04j\n",
       "   -9.99866260e-07+0.00000000e+00j -9.99899173e-04-4.99933130e-07j]\n",
       "  [ 9.99899173e-04-4.99933130e-07j -9.99866260e-07+0.00000000e+00j\n",
       "    9.99798520e-01-9.99799187e-04j -9.99899173e-04+4.99933130e-07j]\n",
       "  [ 9.99932920e-07+0.00000000e+00j  9.99899173e-04+4.99933130e-07j\n",
       "    9.99899173e-04-4.99933130e-07j  9.99999000e-01+0.00000000e+00j]],\n",
       " Quantum object: dims = [[2, 2], [2, 2]], shape = (4, 4), type = oper, isherm = False\n",
       " Qobj data =\n",
       " [[ 9.99996000e-01+0.00000000e+00j -1.99979435e-03-9.99865260e-07j\n",
       "   -1.99979435e-03+9.99865260e-07j  3.99972768e-06+0.00000000e+00j]\n",
       "  [ 1.99979435e-03+9.99865260e-07j  9.99795521e-01+9.99797187e-04j\n",
       "   -3.99946104e-06+0.00000000e+00j -1.99979435e-03-9.99865260e-07j]\n",
       "  [ 1.99979435e-03-9.99865260e-07j -3.99946104e-06+0.00000000e+00j\n",
       "    9.99795521e-01-9.99797187e-04j -1.99979435e-03+9.99865260e-07j]\n",
       "  [ 3.99972768e-06+0.00000000e+00j  1.99979435e-03+9.99865260e-07j\n",
       "    1.99979435e-03-9.99865260e-07j  9.99996000e-01+0.00000000e+00j]]]"
      ]
     },
     "execution_count": 356,
     "metadata": {},
     "output_type": "execute_result"
    }
   ],
   "source": [
    "L_v"
   ]
  },
  {
   "cell_type": "markdown",
   "metadata": {},
   "source": [
    "### Major Functions 2"
   ]
  },
  {
   "cell_type": "code",
   "execution_count": 357,
   "metadata": {
    "ExecuteTime": {
     "end_time": "2019-02-21T10:13:22.521313Z",
     "start_time": "2019-02-21T10:13:22.399264Z"
    }
   },
   "outputs": [],
   "source": [
    "def L_comma_k_maker(xi_vec, k, dt):\n",
    "    r\"\"\"Making of the derivative of full $L(t)$ at time $t_{k}$\"\"\"\n",
    "    N = xi_vec.size \n",
    "    # Determining the size of xi, and thus the time_steps indirectly.\n",
    "    L_v = L_vec(xi_vec, dt)# Making of the full $L(t)$\n",
    "    inner_part = L_I # Beginner for the for loop\n",
    "    for i in range(N):\n",
    "        if i == ( N - 1 - k ):\n",
    "            # The step at which $X_{k}(t)$ has to be inserted \n",
    "            inner_part = inner_part*x_k*L_v[k - 1]\n",
    "        else:\n",
    "            # Usual multiplications of $L_{k}$\n",
    "            inner_part = inner_part*L_v[N - 1 - i]\n",
    "    l_comma_k = inner_part\n",
    "    return l_comma_k\n",
    "    "
   ]
  },
  {
   "cell_type": "code",
   "execution_count": 358,
   "metadata": {
    "ExecuteTime": {
     "end_time": "2019-02-21T10:13:22.665438Z",
     "start_time": "2019-02-21T10:13:22.522722Z"
    }
   },
   "outputs": [
    {
     "data": {
      "text/latex": [
       "Quantum object: dims = [[2, 2], [2, 2]], shape = (4, 4), type = oper, isherm = False\\begin{equation*}\\left(\\begin{array}{*{11}c}1.000 & (-0.003-3.499\\times10^{-06}j) & (-0.003+3.499\\times10^{-06}j) & 8.999\\times10^{-06}\\\\(0.003+2.499\\times10^{-06}j) & (1.000+0.002j) & (-8.998\\times10^{-06}+2.999\\times10^{-09}j) & (-0.003-2.499\\times10^{-06}j)\\\\(0.003-2.499\\times10^{-06}j) & (-8.998\\times10^{-06}-2.999\\times10^{-09}j) & (1.000-0.002j) & (-0.003+2.499\\times10^{-06}j)\\\\8.999\\times10^{-06} & (0.003+3.499\\times10^{-06}j) & (0.003-3.499\\times10^{-06}j) & 1.000\\\\\\end{array}\\right)\\end{equation*}"
      ],
      "text/plain": [
       "Quantum object: dims = [[2, 2], [2, 2]], shape = (4, 4), type = oper, isherm = False\n",
       "Qobj data =\n",
       "[[ 9.99991001e-01+0.00000000e+00j -2.99927960e-03-3.49898670e-06j\n",
       "  -2.99927960e-03+3.49898670e-06j  8.99883703e-06+0.00000000e+00j]\n",
       " [ 2.99948056e-03+2.49939255e-06j  9.99589083e-01+1.99918650e-03j\n",
       "  -8.99750347e-06+2.99899242e-09j -2.99948056e-03-2.49939255e-06j]\n",
       " [ 2.99948056e-03-2.49939255e-06j -8.99750347e-06-2.99899242e-09j\n",
       "   9.99589083e-01-1.99918650e-03j -2.99948056e-03+2.49939255e-06j]\n",
       " [ 8.99883703e-06+0.00000000e+00j  2.99927960e-03+3.49898670e-06j\n",
       "   2.99927960e-03-3.49898670e-06j  9.99991001e-01+0.00000000e+00j]]"
      ]
     },
     "execution_count": 358,
     "metadata": {},
     "output_type": "execute_result"
    }
   ],
   "source": [
    "# L_comma_k_maker(xi_vec, k, dt)\n",
    "L_comma_k_maker(xi_vec_test, 2, 0.001)"
   ]
  },
  {
   "cell_type": "code",
   "execution_count": 359,
   "metadata": {
    "ExecuteTime": {
     "end_time": "2019-02-21T10:13:22.737898Z",
     "start_time": "2019-02-21T10:13:22.667236Z"
    }
   },
   "outputs": [],
   "source": [
    "def updater(xi_vec, dt, epsilon):\n",
    "    r\"\"\"Implementing the GRAPE update step\"\"\"\n",
    "    xi_vec_size = xi_vec.size # finding the size of xi\n",
    "    L_full = L_full_maker(xi_vec, dt)\n",
    "    di = []\n",
    "    for k in range(xi_vec_size):\n",
    "        # Building the thing to be added to the old function\n",
    "        L_comma_k = L_comma_k_maker(xi_vec, k, dt)\n",
    "        differentiated = T - L_comma_k\n",
    "        plain = T - L_full\n",
    "        c = -differentiated.dag()*plain\n",
    "        d = -plain.dag()*differentiated\n",
    "        inside = c.tr() + d.tr()\n",
    "        di.append(epsilon*inside)\n",
    "\n",
    "    diff = array(di)\n",
    "    xi_new_vec = xi_vec + diff\n",
    "    return diff, xi_new_vec\n",
    "    "
   ]
  },
  {
   "cell_type": "code",
   "execution_count": 360,
   "metadata": {
    "ExecuteTime": {
     "end_time": "2019-02-21T10:13:22.855152Z",
     "start_time": "2019-02-21T10:13:22.739633Z"
    }
   },
   "outputs": [
    {
     "data": {
      "text/plain": [
       "(array([-0.008+0.j, -0.008+0.j]), array([0.992+0.j, 1.992+0.j]))"
      ]
     },
     "execution_count": 360,
     "metadata": {},
     "output_type": "execute_result"
    }
   ],
   "source": [
    "#  updater(xi_vec, dt, epsilon)\n",
    "updater(xi_vec_test, 0.001, 0.001)"
   ]
  },
  {
   "cell_type": "markdown",
   "metadata": {},
   "source": [
    "## Qutip grape for closed system"
   ]
  },
  {
   "cell_type": "code",
   "execution_count": 361,
   "metadata": {
    "ExecuteTime": {
     "end_time": "2019-02-21T10:13:22.938424Z",
     "start_time": "2019-02-21T10:13:22.856780Z"
    }
   },
   "outputs": [],
   "source": [
    "import time"
   ]
  },
  {
   "cell_type": "code",
   "execution_count": 362,
   "metadata": {
    "ExecuteTime": {
     "end_time": "2019-02-21T10:13:23.038387Z",
     "start_time": "2019-02-21T10:13:22.940064Z"
    }
   },
   "outputs": [],
   "source": [
    "total_time_evo = 2*pi # total time allowed for evolution"
   ]
  },
  {
   "cell_type": "code",
   "execution_count": 363,
   "metadata": {
    "ExecuteTime": {
     "end_time": "2019-02-21T10:13:23.138371Z",
     "start_time": "2019-02-21T10:13:23.040045Z"
    }
   },
   "outputs": [],
   "source": [
    "times = linspace(0, total_time_evo, 500) "
   ]
  },
  {
   "cell_type": "code",
   "execution_count": 364,
   "metadata": {
    "ExecuteTime": {
     "end_time": "2019-02-21T10:13:23.238296Z",
     "start_time": "2019-02-21T10:13:23.140052Z"
    }
   },
   "outputs": [],
   "source": [
    "# vector of times at which discretization \n",
    "# is carried out"
   ]
  },
  {
   "cell_type": "code",
   "execution_count": 365,
   "metadata": {
    "ExecuteTime": {
     "end_time": "2019-02-21T10:13:23.365135Z",
     "start_time": "2019-02-21T10:13:23.240121Z"
    }
   },
   "outputs": [
    {
     "data": {
      "text/latex": [
       "Quantum object: dims = [[2], [2]], shape = (2, 2), type = oper, isherm = True\\begin{equation*}\\left(\\begin{array}{*{11}c}0.0 & 1.0\\\\1.0 & 0.0\\\\\\end{array}\\right)\\end{equation*}"
      ],
      "text/plain": [
       "Quantum object: dims = [[2], [2]], shape = (2, 2), type = oper, isherm = True\n",
       "Qobj data =\n",
       "[[0. 1.]\n",
       " [1. 0.]]"
      ]
     },
     "execution_count": 365,
     "metadata": {},
     "output_type": "execute_result"
    }
   ],
   "source": [
    "U = T_s\n",
    "U"
   ]
  },
  {
   "cell_type": "code",
   "execution_count": 366,
   "metadata": {
    "ExecuteTime": {
     "end_time": "2019-02-21T10:13:23.463448Z",
     "start_time": "2019-02-21T10:13:23.366777Z"
    }
   },
   "outputs": [],
   "source": [
    "R = 500"
   ]
  },
  {
   "cell_type": "code",
   "execution_count": 367,
   "metadata": {
    "ExecuteTime": {
     "end_time": "2019-02-21T10:13:23.581054Z",
     "start_time": "2019-02-21T10:13:23.464679Z"
    }
   },
   "outputs": [
    {
     "data": {
      "text/plain": [
       "[Quantum object: dims = [[2], [2]], shape = (2, 2), type = oper, isherm = True\n",
       " Qobj data =\n",
       " [[0.+0.j 0.-1.j]\n",
       "  [0.+1.j 0.+0.j]]]"
      ]
     },
     "execution_count": 367,
     "metadata": {},
     "output_type": "execute_result"
    }
   ],
   "source": [
    "H_ops = [H_1]\n",
    "H_ops"
   ]
  },
  {
   "cell_type": "code",
   "execution_count": 368,
   "metadata": {
    "ExecuteTime": {
     "end_time": "2019-02-21T10:13:23.681037Z",
     "start_time": "2019-02-21T10:13:23.582863Z"
    }
   },
   "outputs": [
    {
     "data": {
      "text/plain": [
       "['$g_{no diss}$']"
      ]
     },
     "execution_count": 368,
     "metadata": {},
     "output_type": "execute_result"
    }
   ],
   "source": [
    "H_labels = [r'$g_{no diss}$']\n",
    "H_labels"
   ]
  },
  {
   "cell_type": "code",
   "execution_count": 369,
   "metadata": {
    "ExecuteTime": {
     "end_time": "2019-02-21T10:13:23.806449Z",
     "start_time": "2019-02-21T10:13:23.682413Z"
    }
   },
   "outputs": [
    {
     "data": {
      "text/latex": [
       "Quantum object: dims = [[2], [2]], shape = (2, 2), type = oper, isherm = True\\begin{equation*}\\left(\\begin{array}{*{11}c}0.500 & 0.0\\\\0.0 & -0.500\\\\\\end{array}\\right)\\end{equation*}"
      ],
      "text/plain": [
       "Quantum object: dims = [[2], [2]], shape = (2, 2), type = oper, isherm = True\n",
       "Qobj data =\n",
       "[[ 0.5  0. ]\n",
       " [ 0.  -0.5]]"
      ]
     },
     "execution_count": 369,
     "metadata": {},
     "output_type": "execute_result"
    }
   ],
   "source": [
    "H0 = H_0\n",
    "H0"
   ]
  },
  {
   "cell_type": "code",
   "execution_count": 370,
   "metadata": {
    "ExecuteTime": {
     "end_time": "2019-02-21T10:13:23.871734Z",
     "start_time": "2019-02-21T10:13:23.807673Z"
    }
   },
   "outputs": [],
   "source": [
    "c_ops = []"
   ]
  },
  {
   "cell_type": "code",
   "execution_count": 371,
   "metadata": {
    "ExecuteTime": {
     "end_time": "2019-02-21T10:13:23.979873Z",
     "start_time": "2019-02-21T10:13:23.873193Z"
    }
   },
   "outputs": [],
   "source": [
    "from qutip.control.grape import plot_grape_control_fields, _overlap \n",
    "from qutip.control.grape import grape_unitary_adaptive, cy_grape_unitary"
   ]
  },
  {
   "cell_type": "code",
   "execution_count": 372,
   "metadata": {
    "ExecuteTime": {
     "end_time": "2019-02-21T10:13:24.088218Z",
     "start_time": "2019-02-21T10:13:23.981040Z"
    }
   },
   "outputs": [],
   "source": [
    "from scipy.interpolate import interp1d\n",
    "from qutip.ui.progressbar import TextProgressBar, EnhancedTextProgressBar"
   ]
  },
  {
   "cell_type": "code",
   "execution_count": 373,
   "metadata": {
    "ExecuteTime": {
     "end_time": "2019-02-21T10:13:24.238363Z",
     "start_time": "2019-02-21T10:13:24.089522Z"
    }
   },
   "outputs": [],
   "source": [
    "u0 = array([rand(len(times)) * 2 * pi * 0.05 for _ in range(len(H_ops))])"
   ]
  },
  {
   "cell_type": "code",
   "execution_count": 374,
   "metadata": {
    "ExecuteTime": {
     "end_time": "2019-02-21T10:13:24.371003Z",
     "start_time": "2019-02-21T10:13:24.239453Z"
    }
   },
   "outputs": [],
   "source": [
    "from numpy import convolve\n",
    "u0 = [convolve(ones(10)/10, u0[idx,:], mode='same') for idx in range(len(H_ops))]"
   ]
  },
  {
   "cell_type": "code",
   "execution_count": 375,
   "metadata": {
    "ExecuteTime": {
     "end_time": "2019-02-21T10:13:24.463341Z",
     "start_time": "2019-02-21T10:13:24.372496Z"
    }
   },
   "outputs": [],
   "source": [
    "u_limits = None #[0, 1 * 2 * pi]\n",
    "alpha = None"
   ]
  },
  {
   "cell_type": "code",
   "execution_count": 376,
   "metadata": {
    "ExecuteTime": {
     "end_time": "2019-02-21T10:19:17.793402Z",
     "start_time": "2019-02-21T10:13:24.464777Z"
    }
   },
   "outputs": [
    {
     "name": "stdout",
     "output_type": "stream",
     "text": [
      "10.0%. Run time:  36.57s. Est. time left: 00:00:05:29\n",
      "20.0%. Run time:  71.64s. Est. time left: 00:00:04:46\n",
      "30.0%. Run time: 107.35s. Est. time left: 00:00:04:10\n",
      "40.0%. Run time: 142.59s. Est. time left: 00:00:03:33\n",
      "50.0%. Run time: 177.99s. Est. time left: 00:00:02:57\n",
      "60.0%. Run time: 213.70s. Est. time left: 00:00:02:22\n",
      "70.0%. Run time: 249.70s. Est. time left: 00:00:01:47\n",
      "80.0%. Run time: 284.79s. Est. time left: 00:00:01:11\n",
      "90.0%. Run time: 319.59s. Est. time left: 00:00:00:35\n",
      "Total run time: 353.15s\n"
     ]
    }
   ],
   "source": [
    "result = cy_grape_unitary(U, H0, H_ops, R, times, u_start=u0, u_limits=u_limits,\n",
    "                          eps=2*np.pi*1, alpha=alpha, phase_sensitive=False,\n",
    "                          progress_bar=TextProgressBar())"
   ]
  },
  {
   "cell_type": "markdown",
   "metadata": {},
   "source": [
    "#### Plot of optimized control field without dissipation"
   ]
  },
  {
   "cell_type": "code",
   "execution_count": 377,
   "metadata": {
    "ExecuteTime": {
     "end_time": "2019-02-21T10:19:18.792987Z",
     "start_time": "2019-02-21T10:19:17.795398Z"
    }
   },
   "outputs": [
    {
     "data": {
