{
 "cells": [
  {
   "cell_type": "markdown",
   "metadata": {
    "heading_collapsed": true
   },
   "source": [
    "# Imports"
   ]
  },
  {
   "cell_type": "code",
   "execution_count": 86,
   "metadata": {
    "ExecuteTime": {
     "end_time": "2019-01-30T06:43:56.824315Z",
     "start_time": "2019-01-30T06:43:56.701542Z"
    },
    "hidden": true
   },
   "outputs": [],
   "source": [
    "\n",
    "# coding: utf-8\n",
    "\n",
    "# # Imports\n",
    "\n",
    "# ## Qutip imports 1\n",
    "\n",
    "# In[1]:\n",
    "\n",
    "\n",
    "from qutip.operators import sigmax, sigmay, sigmaz, identity\n",
    "# position, momentum, num, create, destroy, commutator, qeye \n",
    "from qutip.tensor import tensor\n",
    "from qutip.qip.gates import swap, rx, ry, rz\n",
    "from qutip.qobj import Qobj\n",
    "from qutip.visualization import hinton\n",
    "from qutip.visualization import matrix_histogram_complex, matrix_histogram\n",
    "from qutip.random_objects import rand_herm, rand_unitary, rand_dm\n",
    "\n",
    "\n",
    "# ## Qutip imports 2\n",
    "\n",
    "# In[2]:\n",
    "\n",
    "\n",
    "#from \n",
    "\n",
    "\n",
    "# ## Numpy imports \n",
    "\n",
    "# In[2]:\n",
    "\n",
    "\n",
    "from numpy import sin, cos, tan, real, imag,  log, conj\n",
    "from numpy import array, append, linspace, arange\n",
    "from numpy import add, sqrt, abs, dot\n",
    "from numpy.random import random, random_sample, rand, seed, RandomState\n",
    "from numpy import concatenate, trace, diag\n",
    "from numpy import ones, zeros, ones_like, zeros_like\n",
    "from numpy import amax, amin, nanmax, nanmin\n",
    "from numpy import outer, multiply\n",
    "# from numpy import pi\n",
    "\n",
    "\n",
    "# ## Scipy imports\n",
    "\n",
    "# In[17]:\n",
    "\n",
    "\n",
    "from scipy.integrate import ode, odeint, complex_ode\n",
    "from scipy.optimize import minimize\n",
    "from scipy.linalg import eigh, inv, norm, expm\n",
    "# from scipy.linalg import \n",
    "# from scipy import\n",
    "\n",
    "\n",
    "# ## Matplotlib imports\n",
    "\n",
    "# In[18]:\n",
    "\n",
    "\n",
    "from matplotlib.pyplot import plot, figure, show, savefig, axes\n",
    "from matplotlib.pyplot import xlabel, ylabel, title, legend\n",
    "from matplotlib import rcParams\n",
    "from matplotlib.pyplot import style \n",
    "from matplotlib.pyplot import xlim, ylim, axis \n",
    "# beware not same as axes\n",
    "from matplotlib.pyplot import subplot, subplots, text\n",
    "from matplotlib.pyplot import GridSpec\n",
    "from matplotlib.pyplot import scatter, colorbar\n",
    "\n",
    "\n",
    "pgf_with_rc_fonts = {\"pgf.texsystem\": \"pdflatex\"}\n",
    "rcParams.update(pgf_with_rc_fonts)\n",
    "style.use('seaborn-whitegrid')\n",
    "\n",
    "\n",
    "# ## Math imports\n",
    "\n",
    "# In[19]:\n",
    "\n",
    "\n",
    "from math import pi\n",
    "from math import exp\n",
    "\n",
    "\n",
    "# ## Cmath imports\n",
    "\n",
    "# ## Date and datetime imports\n",
    "\n",
    "# In[20]:\n",
    "\n",
    "\n",
    "from datetime import date\n",
    "from datetime import datetime# now\n",
    "\n",
    "\n",
    "# ## Os imports\n",
    "\n",
    "# In[21]:\n",
    "\n",
    "\n",
    "from os import getcwd, mkdir, chdir\n",
    "from os.path import abspath, join \n",
    "\n",
    "\n",
    "# ## Sympy imports\n",
    "\n",
    "# In[22]:\n",
    "\n",
    "\n",
    "from sympy import Function, dsolve, Eq, Derivative, symbols\n",
    "# x, y, z, t = symbols('x y z t')\n",
    "# k, m, n = symbols('k m n', integer=True)\n",
    "# f, g, h = symbols('f g h', cls=Function)\n",
    "\n",
    "\n",
    "# ## Miscellaneous imports\n",
    "\n",
    "# ## Extra useful functions\n",
    "\n",
    "# In[23]:\n",
    "\n",
    "\n",
    "def rint(x):\n",
    "    print(\"x = \", x)\n",
    "    return None\n",
    "\n",
    "\n",
    "# # Next chapter\n",
    "\n",
    "# ## sub topic 1\n",
    "\n",
    "# ## sub topic 2\n",
    "\n",
    "# ## sub topic 3\n",
    "\n",
    "# ### sub sub topic 1\n",
    "\n"
   ]
  },
  {
   "cell_type": "markdown",
   "metadata": {},
   "source": [
    "# The code"
   ]
  },
  {
   "cell_type": "markdown",
   "metadata": {
    "heading_collapsed": true
   },
   "source": [
    "## memory wiping"
   ]
  },
  {
   "cell_type": "code",
   "execution_count": 87,
   "metadata": {
    "ExecuteTime": {
     "end_time": "2019-01-30T06:43:59.874711Z",
     "start_time": "2019-01-30T06:43:59.847737Z"
    },
    "hidden": true
   },
   "outputs": [],
   "source": [
    "%reset_selective -f  omega_1, total_time, epsilon, max_iter, time_steps, dt"
   ]
  },
  {
   "cell_type": "code",
   "execution_count": 88,
   "metadata": {
    "ExecuteTime": {
     "end_time": "2019-01-30T06:44:00.827417Z",
     "start_time": "2019-01-30T06:44:00.822177Z"
    },
    "hidden": true
   },
   "outputs": [],
   "source": [
    "%reset_selective -f  Lin, T_s, I"
   ]
  },
  {
   "cell_type": "markdown",
   "metadata": {
    "heading_collapsed": true
   },
   "source": [
    "## Building parts"
   ]
  },
  {
   "cell_type": "markdown",
   "metadata": {
    "heading_collapsed": true,
    "hidden": true
   },
   "source": [
    "### Building the things to be calculated only once"
   ]
  },
  {
   "cell_type": "code",
   "execution_count": 89,
   "metadata": {
    "ExecuteTime": {
     "end_time": "2019-01-30T06:44:02.860793Z",
     "start_time": "2019-01-30T06:44:02.849798Z"
    },
    "code_folding": [],
    "hidden": true
   },
   "outputs": [],
   "source": [
    "def maker(omega_1, H_0, H_1, T_s, Lin, d=2, gamma=0.1):\n",
    "    r\"\"\"maker\n",
    "    Makes all the things that remain constant throught the program, but are \n",
    "    repeatedly used.\n",
    "    \n",
    "\n",
    "    Parameters\n",
    "    ----------\n",
    "    omega_1 : float\n",
    "              frequency corresponding to half of the difference between \n",
    "              energy levels of the qubit\n",
    "              \n",
    "    H_0     : Qobj\n",
    "              Bare Hamiltonian \n",
    "              \n",
    "    H_1     : Qobj\n",
    "              Interaction Hamiltonian \n",
    "              \n",
    "    T_s     : Qobj\n",
    "              Unitary to be implemented in the Hilbert space\n",
    "    \n",
    "    Lin     : Qobj\n",
    "              Linbladian operators\n",
    "\n",
    "    d       : int\n",
    "              Dimension of the matrix. Defaults to 2\n",
    "    \n",
    "    gamma   : float\n",
    "              Damping constantof the Linbladian\n",
    "\n",
    "    \n",
    "    Returns\n",
    "    -------\n",
    "    \n",
    "    ih0     : Qobj\n",
    "              $I\\otimes H_{0}$\n",
    "              \n",
    "    ih1     : Qobj\n",
    "              $I\\otimes H_{1}$\n",
    "\n",
    "    h0ci    : Qobj\n",
    "              $H_{0}^{*}\\otimes I $\n",
    "\n",
    "    h1ci    : Qobj\n",
    "              $H_{1}^{*}\\otimes I $\n",
    "\n",
    "    T       : Qobj\n",
    "              Target unitary transformed to the Liouville space\n",
    "\n",
    "    linbladian : Qobj\n",
    "                 The full lindbladian term as it appears on transformation to \n",
    "                 the Liouville space.\n",
    "        \n",
    "    \"\"\"\n",
    "    I = identity(d)\n",
    "    L_I = tensor(I, I)\n",
    "    ih0 = tensor(I, H_0) \n",
    "    ih1 = tensor(I, H_1) \n",
    "    h0ci = tensor(H_0.conj(), I) \n",
    "    h1ci = tensor(H_1.conj(), I)\n",
    "    x_k = ih1 - h1ci\n",
    "    term1 = tensor(Lin.trans(), Lin)\n",
    "    term2 = tensor(I, ((Lin.dag())*(Lin)))\n",
    "    term3 = tensor(((Lin.trans())*(Lin.conj())), I)\n",
    "    lindbladian = 1j*(gamma)*(term1 - 0.5*(term2 + term3))\n",
    "    T = tensor(T_s.trans(), T_s) # Transforming $T_{s}$ to liouville space\n",
    "    \n",
    "    \n",
    "    return ih0, ih1, h0ci, h1ci, x_k, lindbladian, T, L_I"
   ]
  },
  {
   "cell_type": "code",
   "execution_count": 90,
   "metadata": {
    "ExecuteTime": {
     "end_time": "2019-01-30T06:44:07.806998Z",
     "start_time": "2019-01-30T06:44:07.759475Z"
    },
    "hidden": true
   },
   "outputs": [],
   "source": [
    "omega_1 = 0.5\n",
    "H_0 = sigmaz() \n",
    "H_1 = sigmay()\n",
    "T_s = sigmax() \n",
    "Lin = sigmaz()\n",
    "ih0, ih1, h0ci, h1ci, x_k, lindbladian, T, L_I  = maker(omega_1,\n",
    "                                                  H_0, H_1, T_s, \n",
    "                                                  Lin, d=2, gamma=0.1)"
   ]
  },
  {
   "cell_type": "code",
   "execution_count": 91,
   "metadata": {
    "ExecuteTime": {
     "end_time": "2019-01-30T06:44:10.856958Z",
     "start_time": "2019-01-30T06:44:10.842221Z"
    },
    "hidden": true
   },
   "outputs": [
    {
     "data": {
      "text/latex": [
       "Quantum object: dims = [[2, 2], [2, 2]], shape = (4, 4), type = oper, isherm = True\\begin{equation*}\\left(\\begin{array}{*{11}c}1.0 & 0.0 & 0.0 & 0.0\\\\0.0 & 1.0 & 0.0 & 0.0\\\\0.0 & 0.0 & 1.0 & 0.0\\\\0.0 & 0.0 & 0.0 & 1.0\\\\\\end{array}\\right)\\end{equation*}"
      ],
      "text/plain": [
       "Quantum object: dims = [[2, 2], [2, 2]], shape = (4, 4), type = oper, isherm = True\n",
       "Qobj data =\n",
       "[[1. 0. 0. 0.]\n",
       " [0. 1. 0. 0.]\n",
       " [0. 0. 1. 0.]\n",
       " [0. 0. 0. 1.]]"
      ]
     },
     "execution_count": 91,
     "metadata": {},
     "output_type": "execute_result"
    }
   ],
   "source": [
    "L_I"
   ]
  },
  {
   "cell_type": "markdown",
   "metadata": {
    "heading_collapsed": true,
    "hidden": true
   },
   "source": [
    "### Building $A(t)$"
   ]
  },
  {
   "cell_type": "code",
   "execution_count": 92,
   "metadata": {
    "ExecuteTime": {
     "end_time": "2019-01-30T06:44:13.524735Z",
     "start_time": "2019-01-30T06:44:13.521320Z"
    },
    "hidden": true
   },
   "outputs": [],
   "source": [
    "def A(xi):\n",
    "    r\"\"\"making $A(t)$\"\"\"\n",
    "    A = ih0 - h0ci + xi*(ih1 - h1ci) + lindbladian\n",
    "    return A"
   ]
  },
  {
   "cell_type": "code",
   "execution_count": 93,
   "metadata": {
    "ExecuteTime": {
     "end_time": "2019-01-30T06:44:16.680721Z",
     "start_time": "2019-01-30T06:44:16.671284Z"
    },
    "hidden": true
   },
   "outputs": [
    {
     "data": {
      "text/latex": [
       "Quantum object: dims = [[2, 2], [2, 2]], shape = (4, 4), type = oper, isherm = False\\begin{equation*}\\left(\\begin{array}{*{11}c}0.0 & -0.500j & -0.500j & 0.0\\\\0.500j & (-2.0-0.200j) & 0.0 & -0.500j\\\\0.500j & 0.0 & (2.0-0.200j) & -0.500j\\\\0.0 & 0.500j & 0.500j & 0.0\\\\\\end{array}\\right)\\end{equation*}"
      ],
      "text/plain": [
       "Quantum object: dims = [[2, 2], [2, 2]], shape = (4, 4), type = oper, isherm = False\n",
       "Qobj data =\n",
       "[[ 0.+0.j   0.-0.5j  0.-0.5j  0.+0.j ]\n",
       " [ 0.+0.5j -2.-0.2j  0.+0.j   0.-0.5j]\n",
       " [ 0.+0.5j  0.+0.j   2.-0.2j  0.-0.5j]\n",
       " [ 0.+0.j   0.+0.5j  0.+0.5j  0.+0.j ]]"
      ]
     },
     "execution_count": 93,
     "metadata": {},
     "output_type": "execute_result"
    }
   ],
   "source": [
    "A(0.5)"
   ]
  },
  {
   "cell_type": "markdown",
   "metadata": {
    "heading_collapsed": true,
    "hidden": true
   },
   "source": [
    "### Building $L(t)$ and the Identity in the Liouville space"
   ]
  },
  {
   "cell_type": "code",
   "execution_count": 94,
   "metadata": {
    "ExecuteTime": {
     "end_time": "2019-01-30T06:44:19.109561Z",
     "start_time": "2019-01-30T06:44:19.104632Z"
    },
    "hidden": true
   },
   "outputs": [],
   "source": [
    "def L(xi, dt):\n",
    "    r\"\"\"Making $L(t) from $A(t)$\"\"\"\n",
    "    L = (-1j*A(xi)*dt).expm()\n",
    "    return L"
   ]
  },
  {
   "cell_type": "code",
   "execution_count": 95,
   "metadata": {
    "ExecuteTime": {
     "end_time": "2019-01-30T06:44:20.200883Z",
     "start_time": "2019-01-30T06:44:20.153351Z"
    },
    "hidden": true
   },
   "outputs": [
    {
     "data": {
      "text/latex": [
       "Quantum object: dims = [[2, 2], [2, 2]], shape = (4, 4), type = oper, isherm = False\\begin{equation*}\\left(\\begin{array}{*{11}c}1.000 & (-4.999\\times10^{-04}-4.999\\times10^{-07}j) & (-4.999\\times10^{-04}+4.999\\times10^{-07}j) & 2.500\\times10^{-07}\\\\(4.999\\times10^{-04}+4.999\\times10^{-07}j) & (1.000+0.002j) & -2.500\\times10^{-07} & (-4.999\\times10^{-04}-4.999\\times10^{-07}j)\\\\(4.999\\times10^{-04}-4.999\\times10^{-07}j) & -2.500\\times10^{-07} & (1.000-0.002j) & (-4.999\\times10^{-04}+4.999\\times10^{-07}j)\\\\2.500\\times10^{-07} & (4.999\\times10^{-04}+4.999\\times10^{-07}j) & (4.999\\times10^{-04}-4.999\\times10^{-07}j) & 1.000\\\\\\end{array}\\right)\\end{equation*}"
      ],
      "text/plain": [
       "Quantum object: dims = [[2, 2], [2, 2]], shape = (4, 4), type = oper, isherm = False\n",
       "Qobj data =\n",
       "[[ 9.99999750e-01+0.00000000e+00j -4.99949587e-04-4.99933130e-07j\n",
       "  -4.99949587e-04+4.99933130e-07j  2.49983230e-07+0.00000000e+00j]\n",
       " [ 4.99949587e-04+4.99933130e-07j  9.99797770e-01+1.99959837e-03j\n",
       "  -2.49966565e-07+0.00000000e+00j -4.99949587e-04-4.99933130e-07j]\n",
       " [ 4.99949587e-04-4.99933130e-07j -2.49966565e-07+0.00000000e+00j\n",
       "   9.99797770e-01-1.99959837e-03j -4.99949587e-04+4.99933130e-07j]\n",
       " [ 2.49983230e-07+0.00000000e+00j  4.99949587e-04+4.99933130e-07j\n",
       "   4.99949587e-04-4.99933130e-07j  9.99999750e-01+0.00000000e+00j]]"
      ]
     },
     "execution_count": 95,
     "metadata": {},
     "output_type": "execute_result"
    }
   ],
   "source": [
    "L(0.5, 0.001)"
   ]
  },
  {
   "cell_type": "markdown",
   "metadata": {},
   "source": [
    "## Major functions"
   ]
  },
  {
   "cell_type": "markdown",
   "metadata": {
    "heading_collapsed": true
   },
   "source": [
    "### Major functions 1"
   ]
  },
  {
   "cell_type": "code",
   "execution_count": 96,
   "metadata": {
    "ExecuteTime": {
     "end_time": "2019-01-30T06:44:33.061003Z",
     "start_time": "2019-01-30T06:44:33.055985Z"
    },
    "hidden": true
   },
   "outputs": [],
   "source": [
    "# building the function to optimize (optimizee)\n",
    "def L_vec(xi_vec, dt):\n",
    "    r\"\"\"Building the vector of differential $L(t)$\"\"\"\n",
    "    L_vec = [L(xi, dt) for xi in xi_vec] \n",
    "    return L_vec"
   ]
  },
  {
   "cell_type": "code",
   "execution_count": 97,
   "metadata": {
    "ExecuteTime": {
     "end_time": "2019-01-30T06:44:33.660143Z",
     "start_time": "2019-01-30T06:44:33.655864Z"
    },
    "hidden": true
   },
   "outputs": [],
   "source": [
    "def fidelity_calc(A, B):\n",
    "    r\"\"\"Making a generalised fidelity function\"\"\"\n",
    "    first_part = (A - B).dag()\n",
    "    second_part = (A - B)\n",
    "    f_int = (first_part* second_part)\n",
    "    f = f_int.tr()\n",
    "    return f"
   ]
  },
  {
   "cell_type": "code",
   "execution_count": 98,
   "metadata": {
    "ExecuteTime": {
     "end_time": "2019-01-30T06:44:41.512966Z",
     "start_time": "2019-01-30T06:44:41.508691Z"
    },
    "hidden": true
   },
   "outputs": [],
   "source": [
    "def L_full_maker(xi_vec, dt):\n",
    "    r\"\"\"Building the $L(t)$ for the total time $t$\"\"\"\n",
    "    xi_vec_size = xi_vec.size # finding the size of xi\n",
    "    L_full = L_I # Identity for the for loop of L\n",
    "    L_v = L_vec(xi_vec, dt) # calling L_vec\n",
    "    for i in range(xi_vec_size): # generating L_full\n",
    "        L_full = L_full*L_v[xi_vec_size - 1 - i]\n",
    "    return L_full"
   ]
  },
  {
   "cell_type": "code",
   "execution_count": 99,
   "metadata": {
    "ExecuteTime": {
     "end_time": "2019-01-30T06:44:48.724036Z",
     "start_time": "2019-01-30T06:44:48.720218Z"
    },
    "hidden": true
   },
   "outputs": [],
   "source": [
    "def F(xi_vec, dt):\n",
    "    r\"\"\"Using the fidelity metric to find out the closeness between $T$\n",
    "    and $L(t)$\"\"\"\n",
    "    L_full = L_full_maker(xi_vec, dt)\n",
    "    F = real(-fidelity_calc(T, L_full))   \n",
    "    return F"
   ]
  },
  {
   "cell_type": "markdown",
   "metadata": {
    "heading_collapsed": true
   },
   "source": [
    "### Testing major functions 1"
   ]
  },
  {
   "cell_type": "code",
   "execution_count": 100,
   "metadata": {
    "ExecuteTime": {
     "end_time": "2019-01-30T06:44:53.976721Z",
     "start_time": "2019-01-30T06:44:53.967695Z"
    },
    "hidden": true
   },
   "outputs": [
    {
     "data": {
      "text/plain": [
       "4.0"
      ]
     },
     "execution_count": 100,
     "metadata": {},
     "output_type": "execute_result"
    }
   ],
   "source": [
    "fidelity_calc(sigmax(), sigmay())"
   ]
  },
  {
   "cell_type": "code",
   "execution_count": 101,
   "metadata": {
    "ExecuteTime": {
     "end_time": "2019-01-30T06:44:54.582939Z",
     "start_time": "2019-01-30T06:44:54.574272Z"
    },
    "hidden": true
   },
   "outputs": [
    {
     "data": {
      "text/plain": [
       "0.0"
      ]
     },
     "execution_count": 101,
     "metadata": {},
     "output_type": "execute_result"
    }
   ],
   "source": [
    "fidelity_calc(sigmay(), sigmay())"
   ]
  },
  {
   "cell_type": "code",
   "execution_count": 102,
   "metadata": {
    "ExecuteTime": {
     "end_time": "2019-01-30T06:44:55.028838Z",
     "start_time": "2019-01-30T06:44:55.022530Z"
    },
    "hidden": true
   },
   "outputs": [
    {
     "data": {
      "text/plain": [
       "array([1., 2.])"
      ]
     },
     "execution_count": 102,
     "metadata": {},
     "output_type": "execute_result"
    }
   ],
   "source": [
    "xi_vec_test = array([1.0, 2.0])\n",
    "xi_vec_test"
   ]
  },
  {
   "cell_type": "code",
   "execution_count": 103,
   "metadata": {
    "ExecuteTime": {
     "end_time": "2019-01-30T06:44:55.457181Z",
     "start_time": "2019-01-30T06:44:55.452747Z"
    },
    "hidden": true
   },
   "outputs": [
    {
     "data": {
      "text/plain": [
       "2"
      ]
     },
     "execution_count": 103,
     "metadata": {},
     "output_type": "execute_result"
    }
   ],
   "source": [
    "xi_vec_test.size"
   ]
  },
  {
   "cell_type": "code",
   "execution_count": 104,
   "metadata": {
    "ExecuteTime": {
     "end_time": "2019-01-30T06:44:55.904401Z",
     "start_time": "2019-01-30T06:44:55.894555Z"
    },
    "hidden": true
   },
   "outputs": [
    {
     "data": {
      "text/plain": [
       "[1.0, 4.0]"
      ]
     },
     "execution_count": 104,
     "metadata": {},
     "output_type": "execute_result"
    }
   ],
   "source": [
    "w_vec = [xi**2 for xi in xi_vec_test]\n",
    "w_vec"
   ]
  },
  {
   "cell_type": "code",
   "execution_count": 105,
   "metadata": {
    "ExecuteTime": {
     "end_time": "2019-01-30T06:44:56.348464Z",
     "start_time": "2019-01-30T06:44:56.333447Z"
    },
    "hidden": true
   },
   "outputs": [
    {
     "data": {
      "text/plain": [
       "-7.998400634487144"
      ]
     },
     "execution_count": 105,
     "metadata": {},
     "output_type": "execute_result"
    }
   ],
   "source": [
    "# F(xi_vec, dt)\n",
    "F(xi_vec_test, 0.001)"
   ]
  },
  {
   "cell_type": "code",
   "execution_count": 106,
   "metadata": {
    "ExecuteTime": {
     "end_time": "2019-01-30T06:44:56.706538Z",
     "start_time": "2019-01-30T06:44:56.693967Z"
    },
    "hidden": true
   },
   "outputs": [],
   "source": [
    "L_v = L_vec(xi_vec_test, 0.001)"
   ]
  },
  {
   "cell_type": "code",
   "execution_count": 107,
   "metadata": {
    "ExecuteTime": {
     "end_time": "2019-01-30T06:45:00.204629Z",
     "start_time": "2019-01-30T06:45:00.198190Z"
    },
    "hidden": true
   },
   "outputs": [
    {
     "data": {
      "text/plain": [
       "[Quantum object: dims = [[2, 2], [2, 2]], shape = (4, 4), type = oper, isherm = False\n",
       " Qobj data =\n",
       " [[ 9.99999000e-01+0.00000000e+00j -9.99898674e-04-9.99866010e-07j\n",
       "   -9.99898674e-04+9.99866010e-07j  9.99932670e-07+0.00000000e+00j]\n",
       "  [ 9.99898674e-04+9.99866010e-07j  9.99797021e-01+1.99959737e-03j\n",
       "   -9.99866010e-07+0.00000000e+00j -9.99898674e-04-9.99866010e-07j]\n",
       "  [ 9.99898674e-04-9.99866010e-07j -9.99866010e-07+0.00000000e+00j\n",
       "    9.99797021e-01-1.99959737e-03j -9.99898674e-04+9.99866010e-07j]\n",
       "  [ 9.99932670e-07+0.00000000e+00j  9.99898674e-04+9.99866010e-07j\n",
       "    9.99898674e-04-9.99866010e-07j  9.99999000e-01+0.00000000e+00j]],\n",
       " Quantum object: dims = [[2, 2], [2, 2]], shape = (4, 4), type = oper, isherm = False\n",
       " Qobj data =\n",
       " [[ 9.99996000e-01+0.00000000e+00j -1.99979335e-03-1.99973002e-06j\n",
       "   -1.99979335e-03+1.99973002e-06j  3.99972668e-06+0.00000000e+00j]\n",
       "  [ 1.99979335e-03+1.99973002e-06j  9.99794021e-01+1.99959337e-03j\n",
       "   -3.99946004e-06+0.00000000e+00j -1.99979335e-03-1.99973002e-06j]\n",
       "  [ 1.99979335e-03-1.99973002e-06j -3.99946004e-06+0.00000000e+00j\n",
       "    9.99794021e-01-1.99959337e-03j -1.99979335e-03+1.99973002e-06j]\n",
       "  [ 3.99972668e-06+0.00000000e+00j  1.99979335e-03+1.99973002e-06j\n",
       "    1.99979335e-03-1.99973002e-06j  9.99996000e-01+0.00000000e+00j]]]"
      ]
     },
     "execution_count": 107,
     "metadata": {},
     "output_type": "execute_result"
    }
   ],
   "source": [
    "L_v"
   ]
  },
  {
   "cell_type": "markdown",
   "metadata": {},
   "source": [
    "### Major Functions 2"
   ]
  },
  {
   "cell_type": "code",
   "execution_count": 108,
   "metadata": {
    "ExecuteTime": {
     "end_time": "2019-01-30T06:45:02.572688Z",
     "start_time": "2019-01-30T06:45:02.566795Z"
    }
   },
   "outputs": [],
   "source": [
    "def L_comma_k_maker(xi_vec, k, dt):\n",
    "    r\"\"\"Making of the derivative of full $L(t)$ at time $t_{k}$\"\"\"\n",
    "    N = xi_vec.size \n",
    "    # Determining the size of xi, and thus the time_steps indirectly.\n",
    "    L_v = L_vec(xi_vec, dt)# Making of the full $L(t)$\n",
    "    inner_part = L_I # Beginner for the for loop\n",
    "    for i in range(N):\n",
    "        if i == ( N - 1 - k ):\n",
    "            # The step at which $X_{k}(t)$ has to be inserted \n",
    "            inner_part = inner_part*x_k*L_v[k - 1]\n",
    "        else:\n",
    "            # Usual multiplications of $L_{k}$\n",
    "            inner_part = inner_part*L_v[N - 1 - i]\n",
    "    l_comma_k = inner_part\n",
    "    return l_comma_k\n",
    "    "
   ]
  },
  {
   "cell_type": "code",
   "execution_count": 109,
   "metadata": {
    "ExecuteTime": {
     "end_time": "2019-01-30T06:45:04.056843Z",
     "start_time": "2019-01-30T06:45:04.044291Z"
    }
   },
   "outputs": [
    {
     "data": {
      "text/latex": [
       "Quantum object: dims = [[2, 2], [2, 2]], shape = (4, 4), type = oper, isherm = False\\begin{equation*}\\left(\\begin{array}{*{11}c}1.000 & (-0.003-6.998\\times10^{-06}j) & (-0.003+6.998\\times10^{-06}j) & 8.999\\times10^{-06}\\\\(0.003+4.999\\times10^{-06}j) & (1.000+0.004j) & (-8.997\\times10^{-06}+5.998\\times10^{-09}j) & (-0.003-4.999\\times10^{-06}j)\\\\(0.003-4.999\\times10^{-06}j) & (-8.997\\times10^{-06}-5.998\\times10^{-09}j) & (1.000-0.004j) & (-0.003+4.999\\times10^{-06}j)\\\\8.999\\times10^{-06} & (0.003+6.998\\times10^{-06}j) & (0.003-6.998\\times10^{-06}j) & 1.000\\\\\\end{array}\\right)\\end{equation*}"
      ],
      "text/plain": [
       "Quantum object: dims = [[2, 2], [2, 2]], shape = (4, 4), type = oper, isherm = False\n",
       "Qobj data =\n",
       "[[ 9.99991001e-01+0.00000000e+00j -2.99927211e-03-6.99796565e-06j\n",
       "  -2.99927211e-03+6.99796565e-06j  8.99882878e-06+0.00000000e+00j]\n",
       " [ 2.99947607e-03+4.99878084e-06j  9.99583086e-01+3.99836500e-03j\n",
       "  -8.99749372e-06+5.99798035e-09j -2.99947607e-03-4.99878084e-06j]\n",
       " [ 2.99947607e-03-4.99878084e-06j -8.99749372e-06-5.99798035e-09j\n",
       "   9.99583086e-01-3.99836500e-03j -2.99947607e-03+4.99878084e-06j]\n",
       " [ 8.99882878e-06+0.00000000e+00j  2.99927211e-03+6.99796565e-06j\n",
       "   2.99927211e-03-6.99796565e-06j  9.99991001e-01+0.00000000e+00j]]"
      ]
     },
     "execution_count": 109,
     "metadata": {},
     "output_type": "execute_result"
    }
   ],
   "source": [
    "# L_comma_k_maker(xi_vec, k, dt)\n",
    "L_comma_k_maker(xi_vec_test, 2, 0.001)"
   ]
  },
  {
   "cell_type": "code",
   "execution_count": 110,
   "metadata": {
    "ExecuteTime": {
     "end_time": "2019-01-30T06:45:04.976307Z",
     "start_time": "2019-01-30T06:45:04.971190Z"
    }
   },
   "outputs": [],
   "source": [
    "def updater(xi_vec, dt, epsilon):\n",
    "    r\"\"\"Implementing the GRAPE update step\"\"\"\n",
    "    xi_vec_size = xi_vec.size # finding the size of xi\n",
    "    L_full = L_full_maker(xi_vec, dt)\n",
    "    di = []\n",
    "    for k in range(xi_vec_size):\n",
    "        # Building the thing to be added to the old function\n",
    "        L_comma_k = L_comma_k_maker(xi_vec, k, dt)\n",
    "        differentiated = T - L_comma_k\n",
    "        plain = T - L_full\n",
    "        c = -differentiated.dag()*plain\n",
    "        d = -plain.dag()*differentiated\n",
    "        inside = c.tr() + d.tr()\n",
    "        di.append(epsilon*inside)\n",
    "\n",
    "    diff = array(di)\n",
    "    xi_new_vec = xi_vec + diff\n",
    "    return diff, xi_new_vec\n",
    "    "
   ]
  },
  {
   "cell_type": "code",
   "execution_count": 111,
   "metadata": {
    "ExecuteTime": {
     "end_time": "2019-01-30T06:45:07.427392Z",
     "start_time": "2019-01-30T06:45:07.403218Z"
    }
   },
   "outputs": [
    {
     "data": {
      "text/plain": [
       "(array([-0.008+0.j, -0.008+0.j]), array([0.992+0.j, 1.992+0.j]))"
      ]
     },
     "execution_count": 111,
     "metadata": {},
     "output_type": "execute_result"
    }
   ],
   "source": [
    "#  updater(xi_vec, dt, epsilon)\n",
    "updater(xi_vec_test, 0.001, 0.001)"
   ]
  },
  {
   "cell_type": "code",
   "execution_count": 113,
   "metadata": {
    "ExecuteTime": {
     "end_time": "2019-01-30T06:45:36.745631Z",
     "start_time": "2019-01-30T06:45:36.732140Z"
    },
    "code_folding": []
   },
   "outputs": [],
   "source": [
    "def terminator(max_iter, time_steps, total_time, epsilon):\n",
    "    r\"\"\"Brief description of the function\"\"\"\n",
    "    \n",
    "    xi_initial =  1000*random_sample((time_steps,))\n",
    "    dt = total_time/time_steps\n",
    "    xi_diff, xi_new_vec = updater(xi_initial, dt, epsilon)\n",
    "    \n",
    "    for i in range(max_iter):\n",
    "        if amax(xi_diff) < epsilon**2 :\n",
    "            xi_final = xi_new_vec\n",
    "            break\n",
    "        else :\n",
    "            xi_diff, xi_new_vec = updater(xi_new_vec, dt, epsilon)\n",
    "            print(i)\n",
    "            print(amax(xi_diff))\n",
    "            \n",
    "        \n",
    "    xi_final = xi_new_vec    \n",
    "    return xi_final"
   ]
  },
  {
   "cell_type": "markdown",
   "metadata": {},
   "source": [
    "# Running stuff"
   ]
  },
  {
   "cell_type": "markdown",
   "metadata": {},
   "source": [
    "### Try1"
   ]
  },
  {
   "cell_type": "code",
   "execution_count": 114,
   "metadata": {
    "ExecuteTime": {
     "end_time": "2019-01-30T06:45:43.171838Z",
     "start_time": "2019-01-30T06:45:43.167976Z"
    }
   },
   "outputs": [],
   "source": [
    "total_time = pi/omega_1\n",
    "epsilon = 10**(-6)\n",
    "max_iter = 10#10**4#1000#100#50#20\n",
    "time_steps = 20\n",
    "dt = total_time/time_steps"
   ]
  },
  {
   "cell_type": "code",
   "execution_count": 115,
   "metadata": {
    "ExecuteTime": {
     "end_time": "2019-01-30T06:45:44.896037Z",
     "start_time": "2019-01-30T06:45:43.880469Z"
    }
   },
   "outputs": [
    {
     "data": {
      "text/plain": [
       "array([253.12809151+0.j, 843.88141913+0.j, 670.69241692+0.j,\n",
       "       924.100077  +0.j, 342.69688787+0.j, 123.45758492+0.j,\n",
       "       879.26165155+0.j, 520.4459173 +0.j, 339.72130347+0.j,\n",
       "       984.45194508+0.j,  64.74984188+0.j,  81.10046078+0.j,\n",
       "         2.82873766+0.j, 265.22266621+0.j, 207.7809171 +0.j,\n",
       "       834.24591251+0.j, 964.13437576+0.j, 875.54876982+0.j,\n",
       "       129.61146026+0.j, 466.77550287+0.j])"
      ]
     },
     "execution_count": 115,
     "metadata": {},
     "output_type": "execute_result"
    }
   ],
   "source": [
    "xi_opt = terminator(max_iter, time_steps, total_time, epsilon)\n",
    "xi_opt"
   ]
  },
  {
   "cell_type": "code",
   "execution_count": 117,
   "metadata": {
    "ExecuteTime": {
     "end_time": "2019-01-30T06:46:10.139616Z",
     "start_time": "2019-01-30T06:46:10.095029Z"
    }
   },
   "outputs": [
    {
     "data": {
      "text/plain": [
       "-3.9789212334927573"
      ]
     },
     "execution_count": 117,
     "metadata": {},
     "output_type": "execute_result"
    }
   ],
   "source": [
    "F(xi_opt, dt)"
   ]
  },
  {
   "cell_type": "code",
   "execution_count": 118,
   "metadata": {
    "ExecuteTime": {
     "end_time": "2019-01-30T06:46:12.131167Z",
     "start_time": "2019-01-30T06:46:12.126804Z"
    }
   },
   "outputs": [
    {
     "data": {
      "text/plain": [
       "10"
      ]
     },
     "execution_count": 118,
     "metadata": {},
     "output_type": "execute_result"
    }
   ],
   "source": [
    "max_iter"
   ]
  },
  {
   "cell_type": "code",
   "execution_count": 120,
   "metadata": {
    "ExecuteTime": {
     "end_time": "2019-01-30T06:46:27.176473Z",
     "start_time": "2019-01-30T06:46:27.167332Z"
    }
   },
   "outputs": [
    {
     "data": {
      "text/latex": [
       "Quantum object: dims = [[2, 2], [2, 2]], shape = (4, 4), type = oper, isherm = True\\begin{equation*}\\left(\\begin{array}{*{11}c}0.0 & 0.0 & 0.0 & 1.0\\\\0.0 & 0.0 & 1.0 & 0.0\\\\0.0 & 1.0 & 0.0 & 0.0\\\\1.0 & 0.0 & 0.0 & 0.0\\\\\\end{array}\\right)\\end{equation*}"
      ],
      "text/plain": [
       "Quantum object: dims = [[2, 2], [2, 2]], shape = (4, 4), type = oper, isherm = True\n",
       "Qobj data =\n",
       "[[0. 0. 0. 1.]\n",
       " [0. 0. 1. 0.]\n",
       " [0. 1. 0. 0.]\n",
       " [1. 0. 0. 0.]]"
      ]
     },
     "execution_count": 120,
     "metadata": {},
     "output_type": "execute_result"
    }
   ],
   "source": [
    "T"
   ]
  },
  {
   "cell_type": "code",
   "execution_count": 122,
   "metadata": {
    "ExecuteTime": {
     "end_time": "2019-01-30T06:46:41.642530Z",
     "start_time": "2019-01-30T06:46:41.594029Z"
    }
   },
   "outputs": [
    {
     "data": {
      "text/latex": [
       "Quantum object: dims = [[2, 2], [2, 2]], shape = (4, 4), type = oper, isherm = False\\begin{equation*}\\left(\\begin{array}{*{11}c}0.282 & (-0.160-0.009j) & (-0.160+0.009j) & 0.718\\\\(0.143-0.050j) & (-0.054+0.003j) & (-0.303+0.177j) & (-0.143+0.050j)\\\\(0.143+0.050j) & (-0.303-0.177j) & (-0.054-0.003j) & (-0.143-0.050j)\\\\0.718 & (0.160+0.009j) & (0.160-0.009j) & 0.282\\\\\\end{array}\\right)\\end{equation*}"
      ],
      "text/plain": [
       "Quantum object: dims = [[2, 2], [2, 2]], shape = (4, 4), type = oper, isherm = False\n",
       "Qobj data =\n",
       "[[ 0.28233594+0.j         -0.16005333-0.00893544j -0.16005333+0.00893544j\n",
       "   0.71766406+0.j        ]\n",
       " [ 0.14342862-0.05006893j -0.05447685+0.00321831j -0.30317032+0.17678044j\n",
       "  -0.14342862+0.05006893j]\n",
       " [ 0.14342862+0.05006893j -0.30317032-0.17678044j -0.05447685-0.00321831j\n",
       "  -0.14342862-0.05006893j]\n",
       " [ 0.71766406+0.j          0.16005333+0.00893544j  0.16005333-0.00893544j\n",
       "   0.28233594+0.j        ]]"
      ]
     },
     "execution_count": 122,
     "metadata": {},
     "output_type": "execute_result"
    }
   ],
   "source": [
    "L_full_maker(xi_opt, dt)"
   ]
  },
  {
   "cell_type": "code",
   "execution_count": 123,
   "metadata": {
    "ExecuteTime": {
     "end_time": "2019-01-30T06:47:10.034488Z",
     "start_time": "2019-01-30T06:47:09.148914Z"
    }
   },
   "outputs": [
    {
     "data": {
      "text/plain": [
       "(<Figure size 576x432 with 2 Axes>,\n",
       " <matplotlib.axes._subplots.AxesSubplot at 0x1a1b792400>)"
      ]
     },
     "execution_count": 123,
     "metadata": {},
     "output_type": "execute_result"
    },
    {
     "data": {
