{
 "cells": [
  {
   "cell_type": "markdown",
   "metadata": {},
   "source": [
    "# Imports"
   ]
  },
  {
   "cell_type": "markdown",
   "metadata": {},
   "source": [
    "Need to have jate.py in your folder"
   ]
  },
  {
   "cell_type": "code",
   "execution_count": 1,
   "metadata": {
    "ExecuteTime": {
     "end_time": "2019-02-16T15:42:39.513998Z",
     "start_time": "2019-02-16T15:42:37.420704Z"
    }
   },
   "outputs": [],
   "source": [
    "%run jate.py #will import everything"
   ]
  },
  {
   "cell_type": "markdown",
   "metadata": {},
   "source": [
    "# Next chapter"
   ]
  },
  {
   "cell_type": "markdown",
   "metadata": {},
   "source": [
    "## memory clear (uses regex, so be careful)"
   ]
  },
  {
   "cell_type": "code",
   "execution_count": 2,
   "metadata": {
    "ExecuteTime": {
     "end_time": "2019-02-16T15:42:39.521789Z",
     "start_time": "2019-02-16T15:42:39.516186Z"
    }
   },
   "outputs": [],
   "source": [
    "%reset_selective -f var1, var2  # replace var1, var2 with your defined ones"
   ]
  },
  {
   "cell_type": "markdown",
   "metadata": {},
   "source": [
    "## Building parts"
   ]
  },
  {
   "cell_type": "markdown",
   "metadata": {},
   "source": [
    "### Building the things to be calculated only once"
   ]
  },
  {
   "cell_type": "code",
   "execution_count": 3,
   "metadata": {
    "ExecuteTime": {
     "end_time": "2019-02-16T15:42:39.534393Z",
     "start_time": "2019-02-16T15:42:39.524205Z"
    },
    "code_folding": []
   },
   "outputs": [],
   "source": [
    "def maker(omega_1, H_0, H_1, T_s, Lin, d=2, gamma=0.1):\n",
    "    r\"\"\"maker\n",
    "    Makes all the things that remain constant throught the program, but are \n",
    "    repeatedly used.\n",
    "    \n",
    "\n",
    "    Parameters\n",
    "    ----------\n",
    "    omega_1 : float\n",
    "              frequency corresponding to half of the difference between \n",
    "              energy levels of the qubit\n",
    "              \n",
    "    H_0     : Qobj\n",
    "              Bare Hamiltonian \n",
    "              \n",
    "    H_1     : Qobj\n",
    "              Interaction Hamiltonian \n",
    "              \n",
    "    T_s     : Qobj\n",
    "              Unitary to be implemented in the Hilbert space\n",
    "    \n",
    "    Lin     : Qobj\n",
    "              Linbladian operators\n",
    "\n",
    "    d       : int\n",
    "              Dimension of the matrix. Defaults to 2\n",
    "    \n",
    "    gamma   : float\n",
    "              Damping constant of the Linbladian\n",
    "\n",
    "    \n",
    "    Returns\n",
    "    -------\n",
    "    \n",
    "    ih0     : Qobj\n",
    "              $I\\otimes H_{0}$\n",
    "              \n",
    "    ih1     : Qobj\n",
    "              $I\\otimes H_{1}$\n",
    "\n",
    "    h0ci    : Qobj\n",
    "              $H_{0}^{*}\\otimes I $\n",
    "\n",
    "    h1ci    : Qobj\n",
    "              $H_{1}^{*}\\otimes I $\n",
    "\n",
    "    T       : Qobj\n",
    "              Target unitary transformed to the Liouville space\n",
    "\n",
    "    linbladian : Qobj\n",
    "                 The full lindbladian term as it appears on transformation to \n",
    "                 the Liouville space.\n",
    "        \n",
    "    \"\"\"\n",
    "    I = identity(d)\n",
    "    L_I = tensor(I, I)\n",
    "    ih0 = tensor(I, H_0) \n",
    "    ih1 = tensor(I, H_1) \n",
    "    h0ci = tensor(H_0.conj(), I) \n",
    "    h1ci = tensor(H_1.conj(), I)\n",
    "    x_k = ih1 - h1ci\n",
    "    term1 = tensor(Lin.trans(), Lin)\n",
    "    term2 = tensor(I, ((Lin.dag())*(Lin)))\n",
    "    term3 = tensor(((Lin.trans())*(Lin.conj())), I)\n",
    "    lindbladian = 1j*(gamma)*(term1 - 0.5*(term2 + term3))\n",
    "    T = tensor(T_s.trans(), T_s) # Transforming $T_{s}$ to liouville space\n",
    "    \n",
    "    \n",
    "    return ih0, ih1, h0ci, h1ci, x_k, lindbladian, T, L_I"
   ]
  },
  {
   "cell_type": "code",
   "execution_count": 4,
   "metadata": {
    "ExecuteTime": {
     "end_time": "2019-02-16T15:42:39.545001Z",
     "start_time": "2019-02-16T15:42:39.536567Z"
    }
   },
   "outputs": [],
   "source": [
    "omega_1 = 0.5\n",
    "H_0 = omega_1*sigmaz() \n",
    "H_1 = sigmay()\n",
    "T_s = sigmax() \n",
    "Lin = sigmaz()\n",
    "gamma = 0.1 # check for default value\n",
    "ih0, ih1, h0ci, h1ci, x_k, lindbladian, T, L_I  = maker(omega_1,\n",
    "                                                  H_0, H_1, T_s, \n",
    "                                                  Lin, d=2, gamma=gamma)"
   ]
  },
  {
   "cell_type": "code",
   "execution_count": 5,
   "metadata": {
    "ExecuteTime": {
     "end_time": "2019-02-16T15:42:39.554233Z",
     "start_time": "2019-02-16T15:42:39.547236Z"
    }
   },
   "outputs": [
    {
     "data": {
      "text/plain": [
       "0.1"
      ]
     },
     "execution_count": 5,
     "metadata": {},
     "output_type": "execute_result"
    }
   ],
   "source": [
    "gamma"
   ]
  },
  {
   "cell_type": "code",
   "execution_count": 6,
   "metadata": {
    "ExecuteTime": {
     "end_time": "2019-02-16T15:42:39.574963Z",
     "start_time": "2019-02-16T15:42:39.556783Z"
    }
   },
   "outputs": [
    {
     "data": {
      "text/latex": [
       "Quantum object: dims = [[2, 2], [2, 2]], shape = (4, 4), type = oper, isherm = True\\begin{equation*}\\left(\\begin{array}{*{11}c}1.0 & 0.0 & 0.0 & 0.0\\\\0.0 & 1.0 & 0.0 & 0.0\\\\0.0 & 0.0 & 1.0 & 0.0\\\\0.0 & 0.0 & 0.0 & 1.0\\\\\\end{array}\\right)\\end{equation*}"
      ],
      "text/plain": [
       "Quantum object: dims = [[2, 2], [2, 2]], shape = (4, 4), type = oper, isherm = True\n",
       "Qobj data =\n",
       "[[1. 0. 0. 0.]\n",
       " [0. 1. 0. 0.]\n",
       " [0. 0. 1. 0.]\n",
       " [0. 0. 0. 1.]]"
      ]
     },
     "execution_count": 6,
     "metadata": {},
     "output_type": "execute_result"
    }
   ],
   "source": [
    "L_I"
   ]
  },
  {
   "cell_type": "markdown",
   "metadata": {},
   "source": [
    "### Building $A(t)$"
   ]
  },
  {
   "cell_type": "code",
   "execution_count": 7,
   "metadata": {
    "ExecuteTime": {
     "end_time": "2019-02-16T15:42:39.600707Z",
     "start_time": "2019-02-16T15:42:39.596155Z"
    }
   },
   "outputs": [],
   "source": [
    "def A(xi):\n",
    "    r\"\"\"making $A(t)$\"\"\"\n",
    "    A = ih0 - h0ci + xi*(ih1 - h1ci) + lindbladian\n",
    "    return A"
   ]
  },
  {
   "cell_type": "code",
   "execution_count": 8,
   "metadata": {
    "ExecuteTime": {
     "end_time": "2019-02-16T15:42:39.609821Z",
     "start_time": "2019-02-16T15:42:39.602511Z"
    }
   },
   "outputs": [
    {
     "data": {
      "text/latex": [
       "Quantum object: dims = [[2, 2], [2, 2]], shape = (4, 4), type = oper, isherm = False\\begin{equation*}\\left(\\begin{array}{*{11}c}0.0 & -0.500j & -0.500j & 0.0\\\\0.500j & (-1.0-0.200j) & 0.0 & -0.500j\\\\0.500j & 0.0 & (1.0-0.200j) & -0.500j\\\\0.0 & 0.500j & 0.500j & 0.0\\\\\\end{array}\\right)\\end{equation*}"
      ],
      "text/plain": [
       "Quantum object: dims = [[2, 2], [2, 2]], shape = (4, 4), type = oper, isherm = False\n",
       "Qobj data =\n",
       "[[ 0.+0.j   0.-0.5j  0.-0.5j  0.+0.j ]\n",
       " [ 0.+0.5j -1.-0.2j  0.+0.j   0.-0.5j]\n",
       " [ 0.+0.5j  0.+0.j   1.-0.2j  0.-0.5j]\n",
       " [ 0.+0.j   0.+0.5j  0.+0.5j  0.+0.j ]]"
      ]
     },
     "execution_count": 8,
     "metadata": {},
     "output_type": "execute_result"
    }
   ],
   "source": [
    "A(0.5)"
   ]
  },
  {
   "cell_type": "markdown",
   "metadata": {},
   "source": [
    "### Building $L(t)$ and the Identity in the Liouville space"
   ]
  },
  {
   "cell_type": "code",
   "execution_count": 9,
   "metadata": {
    "ExecuteTime": {
     "end_time": "2019-02-16T15:42:39.615197Z",
     "start_time": "2019-02-16T15:42:39.611678Z"
    }
   },
   "outputs": [],
   "source": [
    "def L(xi, dt):\n",
    "    r\"\"\"Making $L(t) from $A(t)$\"\"\"\n",
    "    L = (-1j*A(xi)*dt).expm()\n",
    "    return L"
   ]
  },
  {
   "cell_type": "code",
   "execution_count": 10,
   "metadata": {
    "ExecuteTime": {
     "end_time": "2019-02-16T15:42:39.866812Z",
     "start_time": "2019-02-16T15:42:39.617880Z"
    }
   },
   "outputs": [
    {
     "data": {
      "text/latex": [
       "Quantum object: dims = [[2, 2], [2, 2]], shape = (4, 4), type = oper, isherm = False\\begin{equation*}\\left(\\begin{array}{*{11}c}1.000 & (-4.999\\times10^{-04}-2.500\\times10^{-07}j) & (-4.999\\times10^{-04}+2.500\\times10^{-07}j) & 2.500\\times10^{-07}\\\\(4.999\\times10^{-04}+2.500\\times10^{-07}j) & (1.000+9.998\\times10^{-04}j) & -2.500\\times10^{-07} & (-4.999\\times10^{-04}-2.500\\times10^{-07}j)\\\\(4.999\\times10^{-04}-2.500\\times10^{-07}j) & -2.500\\times10^{-07} & (1.000-9.998\\times10^{-04}j) & (-4.999\\times10^{-04}+2.500\\times10^{-07}j)\\\\2.500\\times10^{-07} & (4.999\\times10^{-04}+2.500\\times10^{-07}j) & (4.999\\times10^{-04}-2.500\\times10^{-07}j) & 1.000\\\\\\end{array}\\right)\\end{equation*}"
      ],
      "text/plain": [
       "Quantum object: dims = [[2, 2], [2, 2]], shape = (4, 4), type = oper, isherm = False\n",
       "Qobj data =\n",
       "[[ 9.99999750e-01+0.00000000e+00j -4.99949837e-04-2.49966628e-07j\n",
       "  -4.99949837e-04+2.49966628e-07j  2.49983293e-07+0.00000000e+00j]\n",
       " [ 4.99949837e-04+2.49966628e-07j  9.99799270e-01+9.99799687e-04j\n",
       "  -2.49966628e-07+0.00000000e+00j -4.99949837e-04-2.49966628e-07j]\n",
       " [ 4.99949837e-04-2.49966628e-07j -2.49966628e-07+0.00000000e+00j\n",
       "   9.99799270e-01-9.99799687e-04j -4.99949837e-04+2.49966628e-07j]\n",
       " [ 2.49983293e-07+0.00000000e+00j  4.99949837e-04+2.49966628e-07j\n",
       "   4.99949837e-04-2.49966628e-07j  9.99999750e-01+0.00000000e+00j]]"
      ]
     },
     "execution_count": 10,
     "metadata": {},
     "output_type": "execute_result"
    }
   ],
   "source": [
    "L(0.5, 0.001)"
   ]
  },
  {
   "cell_type": "markdown",
   "metadata": {},
   "source": [
    "## Major functions"
   ]
  },
  {
   "cell_type": "markdown",
   "metadata": {},
   "source": [
    "### Major functions 1"
   ]
  },
  {
   "cell_type": "code",
   "execution_count": 11,
   "metadata": {
    "ExecuteTime": {
     "end_time": "2019-02-16T15:42:39.872400Z",
     "start_time": "2019-02-16T15:42:39.869096Z"
    }
   },
   "outputs": [],
   "source": [
    "# building the function to optimize (optimizee)\n",
    "def L_vec(xi_vec, dt):\n",
    "    r\"\"\"Building the vector of differential $L(t)$\"\"\"\n",
    "    L_vec = [L(xi, dt) for xi in xi_vec] \n",
    "    return L_vec"
   ]
  },
  {
   "cell_type": "code",
   "execution_count": 12,
   "metadata": {
    "ExecuteTime": {
     "end_time": "2019-02-16T15:42:39.884762Z",
     "start_time": "2019-02-16T15:42:39.875022Z"
    }
   },
   "outputs": [],
   "source": [
    "def fidelity_calc(A, B):\n",
    "    r\"\"\"Making a generalised fidelity function\"\"\"\n",
    "    first_part = (A - B).dag()\n",
    "    second_part = (A - B)\n",
    "    f_int = (first_part* second_part)\n",
    "    f = f_int.tr()\n",
    "    return f"
   ]
  },
  {
   "cell_type": "code",
   "execution_count": 13,
   "metadata": {
    "ExecuteTime": {
     "end_time": "2019-02-16T15:42:39.895485Z",
     "start_time": "2019-02-16T15:42:39.888584Z"
    }
   },
   "outputs": [],
   "source": [
    "def L_full_maker(xi_vec, dt):\n",
    "    r\"\"\"Building the $L(t)$ for the total time $t$\"\"\"\n",
    "    xi_vec_size = xi_vec.size # finding the size of xi\n",
    "    L_full = L_I # Identity for the for loop of L\n",
    "    L_v = L_vec(xi_vec, dt) # calling L_vec\n",
    "    for i in range(xi_vec_size): # generating L_full\n",
    "        L_full = L_full*L_v[xi_vec_size - 1 - i]\n",
    "    return L_full"
   ]
  },
  {
   "cell_type": "code",
   "execution_count": 14,
   "metadata": {
    "ExecuteTime": {
     "end_time": "2019-02-16T15:42:39.901875Z",
     "start_time": "2019-02-16T15:42:39.897927Z"
    }
   },
   "outputs": [],
   "source": [
    "def F(xi_vec, dt):\n",
    "    r\"\"\"Using the fidelity metric to find out the closeness between $T$\n",
    "    and $L(t)$\"\"\"\n",
    "    L_full = L_full_maker(xi_vec, dt)\n",
    "    F = real(-fidelity_calc(T, L_full))   \n",
    "    return F"
   ]
  },
  {
   "cell_type": "markdown",
   "metadata": {},
   "source": [
    "### Testing major functions 1"
   ]
  },
  {
   "cell_type": "code",
   "execution_count": 15,
   "metadata": {
    "ExecuteTime": {
     "end_time": "2019-02-16T15:42:39.912680Z",
     "start_time": "2019-02-16T15:42:39.904863Z"
    }
   },
   "outputs": [
    {
     "data": {
      "text/plain": [
       "4.0"
      ]
     },
     "execution_count": 15,
     "metadata": {},
     "output_type": "execute_result"
    }
   ],
   "source": [
    "fidelity_calc(sigmax(), sigmay())"
   ]
  },
  {
   "cell_type": "code",
   "execution_count": 16,
   "metadata": {
    "ExecuteTime": {
     "end_time": "2019-02-16T15:42:39.922006Z",
     "start_time": "2019-02-16T15:42:39.914957Z"
    }
   },
   "outputs": [
    {
     "data": {
      "text/plain": [
       "0.0"
      ]
     },
     "execution_count": 16,
     "metadata": {},
     "output_type": "execute_result"
    }
   ],
   "source": [
    "fidelity_calc(sigmay(), sigmay())"
   ]
  },
  {
   "cell_type": "code",
   "execution_count": 17,
   "metadata": {
    "ExecuteTime": {
     "end_time": "2019-02-16T15:42:39.928412Z",
     "start_time": "2019-02-16T15:42:39.923985Z"
    }
   },
   "outputs": [
    {
     "data": {
      "text/plain": [
       "array([1., 2.])"
      ]
     },
     "execution_count": 17,
     "metadata": {},
     "output_type": "execute_result"
    }
   ],
   "source": [
    "xi_vec_test = array([1.0, 2.0])\n",
    "xi_vec_test"
   ]
  },
  {
   "cell_type": "code",
   "execution_count": 18,
   "metadata": {
    "ExecuteTime": {
     "end_time": "2019-02-16T15:42:39.934820Z",
     "start_time": "2019-02-16T15:42:39.930520Z"
    }
   },
   "outputs": [
    {
     "data": {
      "text/plain": [
       "2"
      ]
     },
     "execution_count": 18,
     "metadata": {},
     "output_type": "execute_result"
    }
   ],
   "source": [
    "xi_vec_test.size"
   ]
  },
  {
   "cell_type": "code",
   "execution_count": 19,
   "metadata": {
    "ExecuteTime": {
     "end_time": "2019-02-16T15:42:39.942647Z",
     "start_time": "2019-02-16T15:42:39.937764Z"
    }
   },
   "outputs": [
    {
     "data": {
      "text/plain": [
       "[1.0, 4.0]"
      ]
     },
     "execution_count": 19,
     "metadata": {},
     "output_type": "execute_result"
    }
   ],
   "source": [
    "w_vec = [xi**2 for xi in xi_vec_test]\n",
    "w_vec"
   ]
  },
  {
   "cell_type": "code",
   "execution_count": 20,
   "metadata": {
    "ExecuteTime": {
     "end_time": "2019-02-16T15:42:39.956663Z",
     "start_time": "2019-02-16T15:42:39.944744Z"
    }
   },
   "outputs": [
    {
     "data": {
      "text/plain": [
       "-7.998400634493139"
      ]
     },
     "execution_count": 20,
     "metadata": {},
     "output_type": "execute_result"
    }
   ],
   "source": [
    "# F(xi_vec, dt)\n",
    "F(xi_vec_test, 0.001)"
   ]
  },
  {
   "cell_type": "code",
   "execution_count": 21,
   "metadata": {
    "ExecuteTime": {
     "end_time": "2019-02-16T15:42:39.966365Z",
     "start_time": "2019-02-16T15:42:39.958841Z"
    }
   },
   "outputs": [],
   "source": [
    "L_v = L_vec(xi_vec_test, 0.001)"
   ]
  },
  {
   "cell_type": "code",
   "execution_count": 22,
   "metadata": {
    "ExecuteTime": {
     "end_time": "2019-02-16T15:42:39.975010Z",
     "start_time": "2019-02-16T15:42:39.968484Z"
    }
   },
   "outputs": [
    {
     "data": {
      "text/plain": [
       "[Quantum object: dims = [[2, 2], [2, 2]], shape = (4, 4), type = oper, isherm = False\n",
       " Qobj data =\n",
       " [[ 9.99999000e-01+0.00000000e+00j -9.99899173e-04-4.99933130e-07j\n",
       "   -9.99899173e-04+4.99933130e-07j  9.99932920e-07+0.00000000e+00j]\n",
       "  [ 9.99899173e-04+4.99933130e-07j  9.99798520e-01+9.99799187e-04j\n",
       "   -9.99866260e-07+0.00000000e+00j -9.99899173e-04-4.99933130e-07j]\n",
       "  [ 9.99899173e-04-4.99933130e-07j -9.99866260e-07+0.00000000e+00j\n",
       "    9.99798520e-01-9.99799187e-04j -9.99899173e-04+4.99933130e-07j]\n",
       "  [ 9.99932920e-07+0.00000000e+00j  9.99899173e-04+4.99933130e-07j\n",
       "    9.99899173e-04-4.99933130e-07j  9.99999000e-01+0.00000000e+00j]],\n",
       " Quantum object: dims = [[2, 2], [2, 2]], shape = (4, 4), type = oper, isherm = False\n",
       " Qobj data =\n",
       " [[ 9.99996000e-01+0.00000000e+00j -1.99979435e-03-9.99865260e-07j\n",
       "   -1.99979435e-03+9.99865260e-07j  3.99972768e-06+0.00000000e+00j]\n",
       "  [ 1.99979435e-03+9.99865260e-07j  9.99795521e-01+9.99797187e-04j\n",
       "   -3.99946104e-06+0.00000000e+00j -1.99979435e-03-9.99865260e-07j]\n",
       "  [ 1.99979435e-03-9.99865260e-07j -3.99946104e-06+0.00000000e+00j\n",
       "    9.99795521e-01-9.99797187e-04j -1.99979435e-03+9.99865260e-07j]\n",
       "  [ 3.99972768e-06+0.00000000e+00j  1.99979435e-03+9.99865260e-07j\n",
       "    1.99979435e-03-9.99865260e-07j  9.99996000e-01+0.00000000e+00j]]]"
      ]
     },
     "execution_count": 22,
     "metadata": {},
     "output_type": "execute_result"
    }
   ],
   "source": [
    "L_v"
   ]
  },
  {
   "cell_type": "markdown",
   "metadata": {},
   "source": [
    "### Major Functions 2"
   ]
  },
  {
   "cell_type": "code",
   "execution_count": 23,
   "metadata": {
    "ExecuteTime": {
     "end_time": "2019-02-16T15:42:39.981636Z",
     "start_time": "2019-02-16T15:42:39.976996Z"
    }
   },
   "outputs": [],
   "source": [
    "def L_comma_k_maker(xi_vec, k, dt):\n",
    "    r\"\"\"Making of the derivative of full $L(t)$ at time $t_{k}$\"\"\"\n",
    "    N = xi_vec.size \n",
    "    # Determining the size of xi, and thus the time_steps indirectly.\n",
    "    L_v = L_vec(xi_vec, dt)# Making of the full $L(t)$\n",
    "    inner_part = L_I # Beginner for the for loop\n",
    "    for i in range(N):\n",
    "        if i == ( N - 1 - k ):\n",
    "            # The step at which $X_{k}(t)$ has to be inserted \n",
    "            inner_part = inner_part*x_k*L_v[k - 1]\n",
    "        else:\n",
    "            # Usual multiplications of $L_{k}$\n",
    "            inner_part = inner_part*L_v[N - 1 - i]\n",
    "    l_comma_k = inner_part\n",
    "    return l_comma_k\n",
    "    "
   ]
  },
  {
   "cell_type": "code",
   "execution_count": 24,
   "metadata": {
    "ExecuteTime": {
     "end_time": "2019-02-16T15:42:39.996518Z",
     "start_time": "2019-02-16T15:42:39.984093Z"
    }
   },
   "outputs": [
    {
     "data": {
      "text/latex": [
       "Quantum object: dims = [[2, 2], [2, 2]], shape = (4, 4), type = oper, isherm = False\\begin{equation*}\\left(\\begin{array}{*{11}c}1.000 & (-0.003-3.499\\times10^{-06}j) & (-0.003+3.499\\times10^{-06}j) & 8.999\\times10^{-06}\\\\(0.003+2.499\\times10^{-06}j) & (1.000+0.002j) & (-8.998\\times10^{-06}+2.999\\times10^{-09}j) & (-0.003-2.499\\times10^{-06}j)\\\\(0.003-2.499\\times10^{-06}j) & (-8.998\\times10^{-06}-2.999\\times10^{-09}j) & (1.000-0.002j) & (-0.003+2.499\\times10^{-06}j)\\\\8.999\\times10^{-06} & (0.003+3.499\\times10^{-06}j) & (0.003-3.499\\times10^{-06}j) & 1.000\\\\\\end{array}\\right)\\end{equation*}"
      ],
      "text/plain": [
       "Quantum object: dims = [[2, 2], [2, 2]], shape = (4, 4), type = oper, isherm = False\n",
       "Qobj data =\n",
       "[[ 9.99991001e-01+0.00000000e+00j -2.99927960e-03-3.49898670e-06j\n",
       "  -2.99927960e-03+3.49898670e-06j  8.99883703e-06+0.00000000e+00j]\n",
       " [ 2.99948056e-03+2.49939255e-06j  9.99589083e-01+1.99918650e-03j\n",
       "  -8.99750347e-06+2.99899242e-09j -2.99948056e-03-2.49939255e-06j]\n",
       " [ 2.99948056e-03-2.49939255e-06j -8.99750347e-06-2.99899242e-09j\n",
       "   9.99589083e-01-1.99918650e-03j -2.99948056e-03+2.49939255e-06j]\n",
       " [ 8.99883703e-06+0.00000000e+00j  2.99927960e-03+3.49898670e-06j\n",
       "   2.99927960e-03-3.49898670e-06j  9.99991001e-01+0.00000000e+00j]]"
      ]
     },
     "execution_count": 24,
     "metadata": {},
     "output_type": "execute_result"
    }
   ],
   "source": [
    "# L_comma_k_maker(xi_vec, k, dt)\n",
    "L_comma_k_maker(xi_vec_test, 2, 0.001)"
   ]
  },
  {
   "cell_type": "code",
   "execution_count": 25,
   "metadata": {
    "ExecuteTime": {
     "end_time": "2019-02-16T15:42:40.003564Z",
     "start_time": "2019-02-16T15:42:39.998808Z"
    }
   },
   "outputs": [],
   "source": [
    "def updater(xi_vec, dt, epsilon):\n",
    "    r\"\"\"Implementing the GRAPE update step\"\"\"\n",
    "    xi_vec_size = xi_vec.size # finding the size of xi\n",
    "    L_full = L_full_maker(xi_vec, dt)\n",
    "    di = []\n",
    "    for k in range(xi_vec_size):\n",
    "        # Building the thing to be added to the old function\n",
    "        L_comma_k = L_comma_k_maker(xi_vec, k, dt)\n",
    "        differentiated = T - L_comma_k\n",
    "        plain = T - L_full\n",
    "        c = -differentiated.dag()*plain\n",
    "        d = -plain.dag()*differentiated\n",
    "        inside = c.tr() + d.tr()\n",
    "        di.append(epsilon*inside)\n",
    "\n",
    "    diff = array(di)\n",
    "    xi_new_vec = xi_vec + diff\n",
    "    return diff, xi_new_vec\n",
    "    "
   ]
  },
  {
   "cell_type": "code",
   "execution_count": 26,
   "metadata": {
    "ExecuteTime": {
     "end_time": "2019-02-16T15:42:40.027768Z",
     "start_time": "2019-02-16T15:42:40.005777Z"
    }
   },
   "outputs": [
    {
     "data": {
      "text/plain": [
       "(array([-0.008+0.j, -0.008+0.j]), array([0.992+0.j, 1.992+0.j]))"
      ]
     },
     "execution_count": 26,
     "metadata": {},
     "output_type": "execute_result"
    }
   ],
   "source": [
    "#  updater(xi_vec, dt, epsilon)\n",
    "updater(xi_vec_test, 0.001, 0.001)"
   ]
  },
  {
   "cell_type": "markdown",
   "metadata": {},
   "source": [
    "## Qutip grape for closed system"
   ]
  },
  {
   "cell_type": "code",
   "execution_count": 27,
   "metadata": {
    "ExecuteTime": {
     "end_time": "2019-02-16T15:42:40.033455Z",
     "start_time": "2019-02-16T15:42:40.030127Z"
    }
   },
   "outputs": [],
   "source": [
    "import time"
   ]
  },
  {
   "cell_type": "code",
   "execution_count": 28,
   "metadata": {
    "ExecuteTime": {
     "end_time": "2019-02-16T15:42:40.038308Z",
     "start_time": "2019-02-16T15:42:40.035391Z"
    }
   },
   "outputs": [],
   "source": [
    "total_time_evo = 2*pi # total time allowed for evolution"
   ]
  },
  {
   "cell_type": "code",
   "execution_count": 29,
   "metadata": {
    "ExecuteTime": {
     "end_time": "2019-02-16T15:42:40.043725Z",
     "start_time": "2019-02-16T15:42:40.040434Z"
    }
   },
   "outputs": [],
   "source": [
    "times = linspace(0, total_time_evo, 500) "
   ]
  },
  {
   "cell_type": "code",
   "execution_count": 30,
   "metadata": {
    "ExecuteTime": {
     "end_time": "2019-02-16T15:42:40.048452Z",
     "start_time": "2019-02-16T15:42:40.045808Z"
    }
   },
   "outputs": [],
   "source": [
    "# vector of times at which discretization \n",
    "# is carried out"
   ]
  },
  {
   "cell_type": "code",
   "execution_count": 31,
   "metadata": {
    "ExecuteTime": {
     "end_time": "2019-02-16T15:42:40.055454Z",
     "start_time": "2019-02-16T15:42:40.050310Z"
    }
   },
   "outputs": [
    {
     "data": {
      "text/latex": [
       "Quantum object: dims = [[2], [2]], shape = (2, 2), type = oper, isherm = True\\begin{equation*}\\left(\\begin{array}{*{11}c}0.0 & 1.0\\\\1.0 & 0.0\\\\\\end{array}\\right)\\end{equation*}"
      ],
      "text/plain": [
       "Quantum object: dims = [[2], [2]], shape = (2, 2), type = oper, isherm = True\n",
       "Qobj data =\n",
       "[[0. 1.]\n",
       " [1. 0.]]"
      ]
     },
     "execution_count": 31,
     "metadata": {},
     "output_type": "execute_result"
    }
   ],
   "source": [
    "U = T_s\n",
    "U"
   ]
  },
  {
   "cell_type": "code",
   "execution_count": 32,
   "metadata": {
    "ExecuteTime": {
     "end_time": "2019-02-16T15:42:40.060127Z",
     "start_time": "2019-02-16T15:42:40.057686Z"
    }
   },
   "outputs": [],
   "source": [
    "R = 500"
   ]
  },
  {
   "cell_type": "code",
   "execution_count": 33,
   "metadata": {
    "ExecuteTime": {
     "end_time": "2019-02-16T15:42:40.067353Z",
     "start_time": "2019-02-16T15:42:40.062217Z"
    }
   },
   "outputs": [
    {
     "data": {
      "text/plain": [
       "[Quantum object: dims = [[2], [2]], shape = (2, 2), type = oper, isherm = True\n",
       " Qobj data =\n",
       " [[0.+0.j 0.-1.j]\n",
       "  [0.+1.j 0.+0.j]]]"
      ]
     },
     "execution_count": 33,
     "metadata": {},
     "output_type": "execute_result"
    }
   ],
   "source": [
    "H_ops = [H_1]\n",
    "H_ops"
   ]
  },
  {
   "cell_type": "code",
   "execution_count": 34,
   "metadata": {
    "ExecuteTime": {
     "end_time": "2019-02-16T15:42:40.073369Z",
     "start_time": "2019-02-16T15:42:40.069310Z"
    }
   },
   "outputs": [
    {
     "data": {
      "text/plain": [
       "['$g_{no diss}$']"
      ]
     },
     "execution_count": 34,
     "metadata": {},
     "output_type": "execute_result"
    }
   ],
   "source": [
    "H_labels = [r'$g_{no diss}$']\n",
    "H_labels"
   ]
  },
  {
   "cell_type": "code",
   "execution_count": 35,
   "metadata": {
    "ExecuteTime": {
     "end_time": "2019-02-16T15:42:40.081060Z",
     "start_time": "2019-02-16T15:42:40.075683Z"
    }
   },
   "outputs": [
    {
     "data": {
      "text/latex": [
       "Quantum object: dims = [[2], [2]], shape = (2, 2), type = oper, isherm = True\\begin{equation*}\\left(\\begin{array}{*{11}c}0.500 & 0.0\\\\0.0 & -0.500\\\\\\end{array}\\right)\\end{equation*}"
      ],
      "text/plain": [
       "Quantum object: dims = [[2], [2]], shape = (2, 2), type = oper, isherm = True\n",
       "Qobj data =\n",
       "[[ 0.5  0. ]\n",
       " [ 0.  -0.5]]"
      ]
     },
     "execution_count": 35,
     "metadata": {},
     "output_type": "execute_result"
    }
   ],
   "source": [
    "H0 = H_0\n",
    "H0"
   ]
  },
  {
   "cell_type": "code",
   "execution_count": 36,
   "metadata": {
    "ExecuteTime": {
     "end_time": "2019-02-16T15:42:40.086172Z",
     "start_time": "2019-02-16T15:42:40.083263Z"
    }
   },
   "outputs": [],
   "source": [
    "c_ops = []"
   ]
  },
  {
   "cell_type": "code",
   "execution_count": 37,
   "metadata": {
    "ExecuteTime": {
     "end_time": "2019-02-16T15:42:40.091670Z",
     "start_time": "2019-02-16T15:42:40.088030Z"
    }
   },
   "outputs": [],
   "source": [
    "from qutip.control.grape import plot_grape_control_fields, _overlap \n",
    "from qutip.control.grape import grape_unitary_adaptive, cy_grape_unitary"
   ]
  },
  {
   "cell_type": "code",
   "execution_count": 38,
   "metadata": {
    "ExecuteTime": {
     "end_time": "2019-02-16T15:42:40.097284Z",
     "start_time": "2019-02-16T15:42:40.093607Z"
    }
   },
   "outputs": [],
   "source": [
    "from scipy.interpolate import interp1d\n",
    "from qutip.ui.progressbar import TextProgressBar, EnhancedTextProgressBar"
   ]
  },
  {
   "cell_type": "code",
   "execution_count": 39,
   "metadata": {
    "ExecuteTime": {
     "end_time": "2019-02-16T15:42:40.103746Z",
     "start_time": "2019-02-16T15:42:40.099297Z"
    }
   },
   "outputs": [],
   "source": [
    "u0 = array([rand(len(times)) * 2 * pi * 0.05 for _ in range(len(H_ops))])"
   ]
  },
  {
   "cell_type": "code",
   "execution_count": 40,
   "metadata": {
    "ExecuteTime": {
     "end_time": "2019-02-16T15:42:40.109332Z",
     "start_time": "2019-02-16T15:42:40.105689Z"
    }
   },
   "outputs": [],
   "source": [
    "from numpy import convolve\n",
    "u0 = [convolve(ones(10)/10, u0[idx,:], mode='same') for idx in range(len(H_ops))]"
   ]
  },
  {
   "cell_type": "code",
   "execution_count": 41,
   "metadata": {
    "ExecuteTime": {
     "end_time": "2019-02-16T15:42:40.115405Z",
     "start_time": "2019-02-16T15:42:40.111580Z"
    }
   },
   "outputs": [],
   "source": [
    "u_limits = None #[0, 1 * 2 * pi]\n",
    "alpha = None"
   ]
  },
  {
   "cell_type": "code",
   "execution_count": 42,
   "metadata": {
    "ExecuteTime": {
     "end_time": "2019-02-16T15:49:53.519119Z",
     "start_time": "2019-02-16T15:42:40.117120Z"
    }
   },
   "outputs": [
    {
     "name": "stdout",
     "output_type": "stream",
     "text": [
      "10.0%. Run time:  42.33s. Est. time left: 00:00:06:20\n",
      "20.0%. Run time:  87.98s. Est. time left: 00:00:05:51\n",
      "30.0%. Run time: 130.53s. Est. time left: 00:00:05:04\n",
      "40.0%. Run time: 173.10s. Est. time left: 00:00:04:19\n",
      "50.0%. Run time: 216.28s. Est. time left: 00:00:03:36\n",
      "60.0%. Run time: 258.70s. Est. time left: 00:00:02:52\n",
      "70.0%. Run time: 301.17s. Est. time left: 00:00:02:09\n",
      "80.0%. Run time: 344.50s. Est. time left: 00:00:01:26\n",
      "90.0%. Run time: 389.85s. Est. time left: 00:00:00:43\n",
      "Total run time: 433.39s\n"
     ]
    }
   ],
   "source": [
    "result = cy_grape_unitary(U, H0, H_ops, R, times, u_start=u0, u_limits=u_limits,\n",
    "                          eps=2*np.pi*1, alpha=alpha, phase_sensitive=False,\n",
    "                          progress_bar=TextProgressBar())"
   ]
  },
  {
   "cell_type": "markdown",
   "metadata": {},
   "source": [
    "#### Plot of optimized control field without dissipation"
   ]
  },
  {
   "cell_type": "code",
   "execution_count": 43,
   "metadata": {
    "ExecuteTime": {
     "end_time": "2019-02-16T15:49:55.218443Z",
     "start_time": "2019-02-16T15:49:53.522322Z"
    }
   },
   "outputs": [
    {
     "data": {
